2.463000000000009493e+01
4.926000000000018986e+01
7.388999999999950319e+01
9.852000000000037971e+01
1.231499999999978172e+02
1.477799999999990064e+02
1.724100000000027819e+02
1.970400000000007594e+02
2.216700000000043360e+02
2.462999999999956344e+02
2.709299999999947772e+02
2.955599999999980128e+02
3.201900000000019872e+02
3.448200000000055638e+02
3.694500000000067530e+02
3.940800000000015189e+02
4.187100000000061755e+02
4.433400000000086720e+02
4.679699999999883175e+02
4.925999999999912689e+02
5.172299999999930833e+02
5.418599999999895545e+02
5.664899999999934153e+02
5.911199999999960255e+02
6.157499999999998863e+02
6.403800000000039745e+02
6.650100000000070395e+02
6.896400000000111277e+02
7.142700000000099863e+02
7.389000000000135060e+02
7.635300000000179352e+02
7.881600000000030377e+02
8.127900000000072396e+02
8.374200000000123509e+02
8.620500000000132559e+02
8.866800000000173441e+02
9.113100000000224554e+02
9.359399999999766351e+02
9.605699999999799275e+02
9.851999999999825377e+02
1.009829999999982533e+03
1.034459999999986167e+03
1.059089999999990141e+03
1.083719999999979109e+03
1.108349999999989450e+03
1.132979999999986831e+03
1.157609999999998536e+03
1.182239999999992051e+03
1.206870000000010805e+03
1.231499999999999773e+03
1.256129999999984875e+03
1.280760000000007949e+03
1.305389999999986685e+03
1.330020000000014079e+03
1.354649999999991678e+03
1.379280000000011114e+03
1.403909999999986439e+03
1.428540000000019973e+03
1.453169999999989841e+03
1.477800000000026785e+03
1.589539348225353251e+03
1.701278696450707912e+03
1.813018044676061891e+03
1.924757392901419962e+03
2.036496741126777351e+03
2.148236089352131785e+03
2.259975437577484172e+03
2.371714785802842471e+03
2.483454134028195767e+03
2.595193482253548609e+03
2.706932830478908272e+03
2.818672178704261569e+03
2.930411526929618503e+03
3.042150875154978166e+03
3.153890223380329644e+03
3.265629571605687033e+03
3.377368919831035782e+03
3.489108268056400902e+03
3.600847616281754199e+03
3.712586964507103858e+03
3.824326312732464885e+03
3.936065660957816362e+03
4.047805009183172842e+03
4.159544357408525684e+03
4.271283705633887621e+03
4.383023053859242282e+03
4.494762402084594214e+03
4.606501750309952513e+03
4.718241098535298079e+03
4.829980446760660016e+03
4.941719794986014676e+03
5.053459143211376613e+03
5.165198491436722179e+03
5.276937839662081387e+03
5.388677187887432410e+03
5.500416536112791619e+03
5.612155884338140822e+03
5.723895232563500031e+03
5.835634580788857420e+03
5.947373929014222085e+03
6.059113277239569470e+03
6.170852625464925040e+03
6.282591973690282430e+03
6.394331321915628905e+03
6.506070670141002665e+03
6.617810018366347322e+03
6.729549366591691978e+03
6.841288714817055734e+03
6.953028063042414942e+03
7.064767411267774150e+03
7.176506759493118807e+03
7.288246107718479834e+03
7.399985455943837223e+03
7.511724804169191884e+03
7.623464152394544726e+03
7.735203500619897568e+03
7.846942848845259505e+03
7.958682197070617804e+03
8.070421545295964279e+03
8.182160893521319849e+03
8.399313594948343962e+03
8.616466296375345337e+03
8.833618997802373997e+03
9.050771699229373553e+03
9.267924400656378566e+03
9.485077102083385398e+03
9.702229803510412239e+03
9.919382504937422709e+03
1.013653520636444409e+04
1.035368790779143819e+04
1.057084060921842683e+04
1.078799331064546095e+04
1.100514601207247324e+04
1.122229871349946552e+04
1.143945141492648690e+04
1.165660411635352648e+04
1.187375681778051876e+04
1.209090951920752377e+04
1.230806222063456153e+04
1.252521492206155381e+04
1.274236762348854609e+04
1.295952032491559658e+04
1.317667302634259249e+04
1.339382572776962661e+04
1.361097842919662435e+04
1.382813113062361299e+04
1.404528383205064893e+04
1.426243653347764848e+04
1.447958923490466441e+04
1.469674193633167306e+04
1.491389463775869444e+04
1.513104733918570128e+04
1.534820004061272994e+04
1.556535274203973131e+04
1.578250544346673087e+04
1.599965814489371769e+04
1.621681084632076818e+04
1.643396354774776046e+04
1.665111624917478184e+04
1.686826895060178867e+04
1.708542165202881370e+04
1.730257435345583144e+04
1.751972705488283464e+04
1.773687975630987057e+04
1.795403245773683739e+04
1.817118515916385149e+04
1.838833786059084377e+04
1.860549056201788699e+04
1.882264326344489382e+04
1.903979596487188246e+04
1.925694866629891476e+04
1.947410136772592159e+04
1.969125406915291751e+04
1.990840677057996072e+04
2.012555947200694936e+04
2.034271217343397802e+04
2.055986487486096667e+04
2.077701757628799533e+04
2.099417027771498033e+04
2.121132297914200171e+04
2.154450474649761600e+04
2.187768651385322300e+04
2.221086828120881910e+04
2.254405004856442974e+04
2.287723181592003311e+04
2.321041358327564012e+04
2.354359535063121075e+04
2.387677711798682867e+04
2.420995888534243932e+04
2.454314065269801722e+04
2.487632242005366425e+04
2.520950418740921305e+04
2.554268595476483097e+04
2.587586772212042706e+04
2.620904948947599769e+04
2.654223125683158651e+04
2.687541302418724445e+04
2.720859479154280052e+04
2.754177655889841481e+04
2.787495832625405455e+04
2.820814009360966520e+04
2.854132186096524310e+04
2.887450362832082101e+04
2.920768539567645348e+04
2.954086716303200592e+04
2.987404893038765658e+04
3.020723069774323085e+04
3.054041246509881967e+04
3.087359423245443759e+04
3.120677599981008461e+04
3.153995776716563341e+04
3.187313953452124770e+04
3.220632130187683288e+04
3.253950306923243988e+04
3.287268483658802870e+04
3.320586660394365754e+04
3.353904837129924272e+04
3.387223013865484972e+04
3.420541190601044218e+04
3.453859367336602736e+04
3.487177544072165620e+04
3.520495720807719772e+04
3.553813897543281928e+04
3.587132074278841174e+04
3.620450251014405512e+04
3.653768427749964758e+04
3.687086604485521821e+04
3.720404781221078156e+04
3.753722957956643950e+04
3.787041134692200285e+04
3.820359311427766079e+04
3.853677488163318776e+04
3.886995664898888936e+04
3.920313841634444543e+04
3.953632018370004516e+04
3.986950195105560852e+04
4.020268371841119369e+04
4.053586548576688074e+04
4.086904725312243681e+04
4.120222902047809475e+04
4.165129962646702188e+04
4.210037023245586897e+04
4.254944083844483976e+04
4.299851144443373778e+04
4.344758205042260670e+04
4.389665265641150472e+04
4.434572326240046095e+04
4.479479386838940263e+04
4.524386447437824245e+04
4.569293508036732237e+04
4.614200568635608215e+04
4.659107629234491469e+04
4.704014689833391458e+04
4.748921750432287081e+04
4.793828811031179794e+04
4.838735871630071051e+04
4.883642932228964492e+04
4.928549992827851383e+04
4.973457053426744096e+04
5.018364114025629533e+04
5.063271174624528066e+04
5.108178235223427328e+04
5.153085295822306944e+04
5.197992356421209115e+04
5.242899417020099645e+04
5.287806477618990903e+04
5.332713538217871974e+04
5.377620598816774873e+04
5.422527659415653034e+04
5.467434720014555205e+04
5.512341780613447190e+04
5.557248841212336993e+04
5.602155901811226067e+04
5.647062962410123146e+04
5.691970023009017314e+04
5.736877083607904933e+04
5.781784144206799101e+04
5.826691204805690359e+04
5.871598265404586709e+04
5.916505326003467053e+04
5.961412386602358310e+04
6.006319447201250296e+04
6.051226507800148829e+04
6.096133568399037176e+04
6.141040628997933527e+04
6.185947689596821874e+04
6.230854750195707311e+04
6.275761810794601479e+04
6.320668871393492736e+04
6.365575931992385449e+04
6.410482992591281800e+04
6.455390053190174513e+04
6.500297113789067225e+04
6.545204174387953390e+04
6.590111234986843192e+04
6.635018295585742453e+04
6.679925356184643169e+04
6.724832416783519147e+04
6.769739477382419864e+04
6.825022202169954835e+04
6.880304926957502903e+04
6.935587651745061157e+04
6.990870376532607770e+04
7.046153101320154383e+04
7.101435826107708272e+04
7.156718550895263616e+04
7.212001275682816049e+04
7.267284000470364117e+04
7.322566725257912185e+04
7.377849450045466074e+04
7.433132174833003955e+04
7.488414899620566575e+04
7.543697624408114643e+04
7.598980349195665622e+04
7.654263073983202048e+04
7.709545798770757392e+04
7.764828523558317102e+04
7.820111248345862259e+04
7.875393973133411782e+04
7.930676697920959850e+04
7.985959422708525381e+04
8.041242147496067628e+04
8.096524872283604054e+04
8.151807597071147757e+04
8.207090321858697280e+04
8.262373046646245348e+04
8.317655771433803602e+04
8.372938496221345849e+04
8.428221221008904104e+04
8.483503945796452172e+04
8.538786670584000240e+04
8.594069395371558494e+04
8.649352120159109472e+04
8.704634844946672092e+04
8.759917569734212884e+04
8.815200294521758042e+04
8.870483019309301744e+04
8.925765744096861454e+04
8.981048468884409522e+04
9.036331193671957590e+04
9.091613918459489651e+04
9.146896643247050815e+04
9.202179368034595973e+04
9.257462092822161503e+04
9.312744817609697930e+04
9.368027542397232901e+04
9.423310267184804252e+04
9.478592991972363961e+04
9.533875716759903298e+04
9.589158441547445545e+04
9.644441166334993613e+04
9.699723891122554778e+04
9.755006615910105756e+04
9.810289340697640728e+04
9.865572065485194616e+04
9.920854790272745595e+04
9.976137515060303849e+04
1.003142023984786210e+05
1.008670296463541163e+05
