2.462999999999998479e+01
4.925999999999996959e+01
7.388999999999995794e+01
9.851999999999993918e+01
1.231499999999999204e+02
1.477799999999999159e+02
1.724099999999999113e+02
1.970399999999999068e+02
2.216699999999999022e+02
2.462999999999998977e+02
2.709299999999998931e+02
2.955599999999998886e+02
3.201899999999998840e+02
3.448199999999998795e+02
3.694499999999998749e+02
3.940799999999998704e+02
4.187099999999998658e+02
4.433399999999998613e+02
4.679699999999998568e+02
4.925999999999998522e+02
5.172299999999997908e+02
5.418599999999997863e+02
5.664899999999997817e+02
5.911199999999997772e+02
6.157499999999997726e+02
6.403799999999997681e+02
6.650099999999997635e+02
6.896399999999997590e+02
7.142699999999997544e+02
7.388999999999997499e+02
7.635299999999997453e+02
7.881599999999997408e+02
8.127899999999997362e+02
8.374199999999997317e+02
8.620499999999997272e+02
8.866799999999997226e+02
9.113099999999997181e+02
9.359399999999997135e+02
9.605699999999997090e+02
9.851999999999997044e+02
1.009829999999999700e+03
1.034459999999999582e+03
1.059089999999999463e+03
1.083719999999999345e+03
1.108349999999999227e+03
1.132979999999999109e+03
1.157609999999998990e+03
1.182239999999998872e+03
1.206869999999998754e+03
1.231499999999998636e+03
1.256129999999998518e+03
1.280759999999998399e+03
1.305389999999998281e+03
1.330019999999998163e+03
1.354649999999998045e+03
1.379279999999997926e+03
1.403909999999997808e+03
1.428539999999997690e+03
1.453169999999997572e+03
1.477799999999997453e+03
1.602193928675032339e+03
1.726587857350067225e+03
1.850981786025102110e+03
1.975375714700136996e+03
2.099769643375172109e+03
2.224163572050207222e+03
2.348557500725242335e+03
2.472951429400277448e+03
2.597345358075312561e+03
2.721739286750347674e+03
2.846133215425382787e+03
2.970527144100417900e+03
3.094921072775453013e+03
3.219315001450488126e+03
3.343708930125523239e+03
3.468102858800558352e+03
3.592496787475593464e+03
3.716890716150628577e+03
3.841284644825663690e+03
3.965678573500698803e+03
4.090072502175733916e+03
4.214466430850769029e+03
4.338860359525803688e+03
4.463254288200838346e+03
4.587648216875873004e+03
4.712042145550907662e+03
4.836436074225942320e+03
4.960830002900976979e+03
5.085223931576011637e+03
5.209617860251046295e+03
5.334011788926080953e+03
5.458405717601115612e+03
5.582799646276150270e+03
5.707193574951184928e+03
5.831587503626219586e+03
5.955981432301254245e+03
6.080375360976288903e+03
6.204769289651323561e+03
6.329163218326358219e+03
6.453557147001392877e+03
6.577951075676427536e+03
6.702345004351462194e+03
6.826738933026496852e+03
6.951132861701531510e+03
7.075526790376566169e+03
7.199920719051600827e+03
7.324314647726635485e+03
7.448708576401670143e+03
7.573102505076704801e+03
7.697496433751739460e+03
7.821890362426774118e+03
7.946284291101808776e+03
8.070678219776843434e+03
8.195072148451878093e+03
8.319466077126913660e+03
8.443860005801949228e+03
8.568253934476984796e+03
8.692647863152020363e+03
8.817041791827055931e+03
8.941435720502091499e+03
9.122259866841397525e+03
9.303084013180703550e+03
9.483908159520009576e+03
9.664732305859315602e+03
9.845556452198621628e+03
1.002638059853792765e+04
1.020720474487723368e+04
1.038802889121653971e+04
1.056885303755584573e+04
1.074967718389515176e+04
1.093050133023445778e+04
1.111132547657376381e+04
1.129214962291306983e+04
1.147297376925237586e+04
1.165379791559168189e+04
1.183462206193098791e+04
1.201544620827029394e+04
1.219627035460959996e+04
1.237709450094890599e+04
1.255791864728821201e+04
1.273874279362751804e+04
1.291956693996682407e+04
1.310039108630613009e+04
1.328121523264543612e+04
1.346203937898474214e+04
1.364286352532404817e+04
1.382368767166335419e+04
1.400451181800266022e+04
1.418533596434196625e+04
1.436616011068127227e+04
1.454698425702057830e+04
1.472780840335988432e+04
1.490863254969919035e+04
1.508945669603849637e+04
1.527028084237780240e+04
1.545110498871710843e+04
1.563192913505641445e+04
1.581275328139572048e+04
1.599357742773502650e+04
1.617440157407433253e+04
1.635522572041363856e+04
1.653604986675294276e+04
1.671687401309224879e+04
1.689769815943155481e+04
1.707852230577086084e+04
1.725934645211016687e+04
1.744017059844947289e+04
1.762099474478877892e+04
1.780181889112808494e+04
1.798264303746739097e+04
1.816346718380669699e+04
1.834429133014600302e+04
1.852511547648530905e+04
1.870593962282461507e+04
1.888676376916392110e+04
1.906758791550322712e+04
1.924841206184253315e+04
1.942923620818183917e+04
1.961006035452114520e+04
1.979088450086045123e+04
2.010166209877497749e+04
2.041243969668950376e+04
2.072321729460403003e+04
2.103399489251855630e+04
2.134477249043308257e+04
2.165555008834760883e+04
2.196632768626213510e+04
2.227710528417666137e+04
2.258788288209118764e+04
2.289866048000571391e+04
2.320943807792024018e+04
2.352021567583476644e+04
2.383099327374929271e+04
2.414177087166381898e+04
2.445254846957834525e+04
2.476332606749287152e+04
2.507410366540739778e+04
2.538488126332192405e+04
2.569565886123645032e+04
2.600643645915097659e+04
2.631721405706550286e+04
2.662799165498002912e+04
2.693876925289455539e+04
2.724954685080908166e+04
2.756032444872360793e+04
2.787110204663813420e+04
2.818187964455266047e+04
2.849265724246718673e+04
2.880343484038171300e+04
2.911421243829623927e+04
2.942499003621076554e+04
2.973576763412529181e+04
3.004654523203981807e+04
3.035732282995434434e+04
3.066810042786887061e+04
3.097887802578339688e+04
3.128965562369792315e+04
3.160043322161244942e+04
3.191121081952697568e+04
3.222198841744150195e+04
3.253276601535602822e+04
3.284354361327055085e+04
3.315432121118507348e+04
3.346509880909959611e+04
3.377587640701411874e+04
3.408665400492864137e+04
3.439743160284316400e+04
3.470820920075768663e+04
3.501898679867220926e+04
3.532976439658673189e+04
3.564054199450125452e+04
3.595131959241577715e+04
3.626209719033029978e+04
3.657287478824482241e+04
3.688365238615934504e+04
3.719442998407386767e+04
3.750520758198839030e+04
3.781598517990291293e+04
3.812676277781743556e+04
3.843754037573195819e+04
3.886043524143336981e+04
3.928333010713478143e+04
3.970622497283619305e+04
4.012911983853760466e+04
4.055201470423901628e+04
4.097490956994042790e+04
4.139780443564183952e+04
4.182069930134325114e+04
4.224359416704466275e+04
4.266648903274607437e+04
4.308938389844748599e+04
4.351227876414889761e+04
4.393517362985030923e+04
4.435806849555172084e+04
4.478096336125313246e+04
4.520385822695454408e+04
4.562675309265595570e+04
4.604964795835736732e+04
4.647254282405877893e+04
4.689543768976019055e+04
4.731833255546160217e+04
4.774122742116301379e+04
4.816412228686442540e+04
4.858701715256583702e+04
4.900991201826724864e+04
4.943280688396866026e+04
4.985570174967007188e+04
5.027859661537148349e+04
5.070149148107289511e+04
5.112438634677430673e+04
5.154728121247571835e+04
5.197017607817712997e+04
5.239307094387854158e+04
5.281596580957995320e+04
5.323886067528136482e+04
5.366175554098277644e+04
5.408465040668418806e+04
5.450754527238559967e+04
5.493044013808701129e+04
5.535333500378842291e+04
5.577622986948983453e+04
5.619912473519124615e+04
5.662201960089265776e+04
5.704491446659406938e+04
5.746780933229548100e+04
5.789070419799689262e+04
5.831359906369830424e+04
5.873649392939971585e+04
5.915938879510112747e+04
5.958228366080253909e+04
6.000517852650395071e+04
6.042807339220536232e+04
6.085096825790677394e+04
6.127386312360818556e+04
6.169675798930959718e+04
6.211965285501100880e+04
6.254254772071242041e+04
6.296544258641383203e+04
6.338833745211524365e+04
6.380641188520137075e+04
6.422448631828749785e+04
6.464256075137362495e+04
6.506063518445975205e+04
6.547870961754587915e+04
6.589678405063200626e+04
6.631485848371812608e+04
6.673293291680424591e+04
6.715100734989036573e+04
6.756908178297648556e+04
6.798715621606260538e+04
6.840523064914872521e+04
6.882330508223484503e+04
6.924137951532096486e+04
6.965945394840708468e+04
7.007752838149320451e+04
7.049560281457932433e+04
7.091367724766544416e+04
7.133175168075156398e+04
7.174982611383768381e+04
7.216790054692380363e+04
7.258597498000992346e+04
7.300404941309604328e+04
7.342212384618216311e+04
7.384019827926828293e+04
7.425827271235440276e+04
7.467634714544052258e+04
7.509442157852664241e+04
7.551249601161276223e+04
7.593057044469888206e+04
7.634864487778500188e+04
7.676671931087112171e+04
7.718479374395724153e+04
7.760286817704336136e+04
7.802094261012948118e+04
7.843901704321560101e+04
7.885709147630172083e+04
7.927516590938784066e+04
7.969324034247396048e+04
8.011131477556008031e+04
8.052938920864620013e+04
8.094746364173231996e+04
8.136553807481843978e+04
8.178361250790455961e+04
8.220168694099067943e+04
8.261976137407679926e+04
8.303783580716291908e+04
8.345591024024903891e+04
8.387398467333515873e+04
8.429205910642127856e+04
8.471013353950739838e+04
8.512820797259351821e+04
8.554628240567963803e+04
8.596435683876575786e+04
8.638243127185187768e+04
8.680050570493799751e+04
8.721858013802411733e+04
8.763665457111023716e+04
8.805472900419635698e+04
8.847280343728247681e+04
