-4.877198925851223612e+04
-2.757095528741088856e+03
-5.875859513832497760e+04
-6.667380694295843568e+00
-1.106262448524810316e+04
-1.245248988887997621e+04
-2.469403614501163975e+04
-1.067913563131205228e+04
-1.533785233269038508e+04
-3.325891793704921292e+04
-7.752545522755763159e+03
-5.366404843960229300e+03
-1.869363884186719952e+04
-9.592430087663356062e+02
-5.584243475235100050e+03
-1.492878490909051288e+04
-1.070371520770164125e+03
-3.778672770764421784e+02
-1.312895556880311415e+04
-6.603051889494483476e+03
-1.224392213891060965e+04
-2.396445026746856820e+04
-1.584227390981222925e+04
-4.256747502908800698e+02
-1.251429521381746781e+04
-1.341159506773674366e+03
-8.389730321768480280e+03
-2.328881886744260919e+04
-2.383129820251456476e+04
-2.308137858554655395e+04
-1.824835999172142692e+04
-2.298513231189879298e+04
-1.881408230034987719e+04
-7.345964747718275248e+03
-6.867585049273550794e+03
-1.919071371470904705e+04
-5.139737744950102206e+04
-3.263340102438745816e+04
-1.055633199818044886e+04
-7.951313414701916372e+03
-6.933406842209673778e+04
-2.896357186976866069e+04
-4.516250446327882855e+03
-6.003129712971748813e+04
-6.098662505242633415e+03
-1.167763493657627987e+04
-1.437584390296396487e+04
-2.191094818058910823e+04
-5.519072909555245133e+03
-7.999472901266482040e+03
-1.857228197963596904e+04
-2.255154197186663441e+04
-1.440277157041248756e+04
-3.627512925810814340e+04
-2.286668072117409247e+04
-1.191623383819729679e+04
-3.131586584631119331e+04
-7.159973835722463491e+02
-1.094158879469827070e+02
-6.558985419622049449e+03
-2.564034745600011956e+04
-3.658948183009103104e+03
-2.226778881352997632e+04
-2.927947320856153237e+04
-7.983228408036870860e+03
-2.136251276423013405e+04
-1.004527077483916764e+04
-1.251809520733347745e+04
-2.311526520983856244e+04
-1.860297473552242809e+04
-1.043768498713560803e+04
-1.618355798092225450e+04
-3.605802914311162567e+03
-6.512700496289187868e+04
-4.322637081021117774e+04
-3.677423396250739461e+04
-2.782501886340398778e+04
-9.358450202152907877e+03
-8.170865384640807861e+03
-1.019841760802661497e+03
-4.301333810048590749e+03
-9.785169896066068759e+03
-7.322620975697261656e+02
-6.548739319657418491e+03
-2.044206020461807930e+04
-5.521692779581409923e+03
-2.705846753460092441e+04
-1.830589908681238740e+03
-1.061088145957146298e+04
-4.298345430325240955e+02
-1.277974798054891835e+04
-2.278856226116450489e+04
-2.333027470970143895e+02
-5.868030244691393818e+03
-3.025208598327718573e+04
-2.024998455658653984e+04
-9.545870898915867656e+03
-1.685264533745414155e+04
-3.620920419520117866e+04
-4.298229679418910564e+03
-3.662849542726796062e+04
-1.791893037686281787e+03
-4.514345315135970850e+03
-1.868491507071094384e+04
-1.312574949604582253e+04
-2.929934331621587262e+04
-1.758050929341018491e+04
-9.279132326882625421e+03
-5.709266138316801516e+04
-2.824497901339099917e+04
-6.902505730977236453e+03
-2.921413081627000065e+04
-1.226381160639964219e+04
-1.083980823227314249e+04
-2.262021163793270898e+04
-2.599436337205722157e+04
-8.948359522028682477e+03
-1.946740156037873385e+04
-1.729374715527025546e+04
-4.096178830997449404e+04
-2.801634147691009275e+03
-7.358360931893785164e+02
-2.324110942319085370e+04
-4.634932231081269492e+03
-3.082446694154685611e+04
-1.667588279590441380e+04
-2.636138128880750446e+04
-1.808987395502071013e+04
-3.593800400535537483e+04
-5.138999650615560313e+03
-1.422856472464622493e+04
-6.320574259257489757e+03
-3.096838762557746668e+04
-9.279519073452746625e+02
-9.206458453821562216e+03
-1.884633384673279943e+04
-4.312505646072056152e+03
-4.773303304173735523e+04
-1.878977676756964865e+04
-6.210188632809901719e+03
-1.575711875414818223e+03
-1.868052622793183036e+04
-5.031629805661524188e+03
-1.878102734351449544e+04
-1.162185428178582151e+04
-2.491432367630205044e+04
-1.790350988463922022e+03
-1.116811001239971483e+04
-1.658623024476327373e+03
-2.308968725514371909e+04
-9.705011607133408688e+03
-5.171823783802799153e+04
-4.930386190186807653e+03
-4.094985602950757311e+03
-1.647715765348263812e+04
-2.461672958626056243e+03
-1.878579512595712731e+04
-1.537056064391083601e+04
-2.483584031403380777e+03
-1.449695956262372420e+04
-2.300189146278401950e+03
-1.115483862630022122e+04
-1.006595220576803695e+04
-4.060648769485801949e+03
-1.862303745327826982e+04
-1.922615373850804826e+04
-1.949019803243197748e+04
-2.081104715131542252e+04
-2.180537420883979939e+04
-5.095308104393889153e+03
-2.869940990442000839e+04
-1.770121171289354243e+04
-2.185208181447638344e+04
-3.254728258271963568e+04
-5.157229613087263715e+03
-1.710464318843690126e+04
-2.167048072507918550e+04
-6.650368243356096173e+03
-7.246406943042929925e+03
-1.112821514578305141e+04
-4.818148924547214119e+04
-1.428450713108256605e+04
-5.110621873275851613e+03
-4.484923510082732719e+03
-3.073877187980166855e+04
-1.209975319722136555e+04
-3.879703807781357682e+03
-5.318915210404018580e+03
-1.289703716526870721e+03
-1.468902870313435960e+04
-3.417960266494317239e+03
-1.926596648643959270e+04
-1.601157036894844532e+04
-3.009486821744368717e+04
-1.317266244255089441e+04
-1.355399200568444940e+04
-4.692597176919190679e+04
-5.403225508635090227e+04
-5.286125203806253921e+03
-1.477053025940218049e+03
-1.538108855909138583e+03
-3.061759069190793889e+04
-1.063972687196092011e+04
-8.209800280750976526e+03
-3.050107611553871902e+04
-3.058858892434815425e+04
-4.408123604574388992e+03
-1.713661341011976765e+04
-4.169343439110295003e+04
-1.845388151117970483e+04
-1.030281653915879815e+03
-3.241877776649466614e+04
-1.791855791778608909e+04
-1.861370807026260445e+04
-2.131276441011437328e+03
-8.741768419767264277e+03
-3.712807238175359089e+03
-1.340599502499002665e+04
-2.288114614605216047e+04
-5.937872836206618103e+02
-3.850427252291933837e+04
-2.088468497981907603e+03
-2.024261263418307499e+04
-2.918587964036728590e+04
-1.267995531212050992e+04
-8.202819372303665659e+03
-9.230523096866534161e+02
-6.783160491861758055e+04
-2.221174232355262575e+03
-3.196395728074072031e+04
-2.422830342663056399e+03
-1.268152312391363739e+04
-1.004007620570185463e+04
-2.847274385795855324e+03
-4.057027109022678815e+03
-2.789181466524843927e+03
-4.710607883142593346e+04
-1.775414234210331870e+03
-1.322782289731178389e+04
-1.436228893374203835e+04
-3.639671332496690593e+04
-1.956090895419280787e+04
-4.318898285022490018e+04
-2.320129345598513464e+04
-1.446776434175014765e+04
-6.124438276945465987e+03
-1.551530917211052838e+02
-2.051368157161329691e+03
-2.240157711551375905e+04
-2.913385967937259920e+04
-1.443237944901041192e+04
-1.183309164045538637e+04
-4.655446408269158565e+04
-9.566796154689764080e+03
-4.998264619772312471e+03
-3.492865672531629389e+04
-3.809593076299629502e+03
-4.973957265457306107e+02
-4.317150701939887222e+04
-2.338749131030300487e+04
-6.720025027659124135e+03
-1.167325730472383384e+03
-9.340012413544905939e+03
-3.097132049053077935e+04
-5.604534648080333682e+03
-4.302536847445683634e+03
-6.199618885757957469e+04
-2.770403580465620962e+03
-2.302293261693710519e+04
-1.438572481942968625e+04
-1.961652428059442173e+04
-1.130876494810375334e+04
-1.552293779286051176e+02
-4.170958957817042392e+04
-2.539797877567222531e+04
-2.190867753507181988e+04
-1.025070750215196313e+04
-1.611213159731936503e+04
-2.668209551740426832e+04
-3.437993830037411271e+02
-2.543339885399758714e+04
-3.659274527992959065e+03
-9.433105535536804382e+03
-1.667960058278091310e+03
-2.115599506352705066e+04
-8.868980218343069737e+02
-8.057497153888401954e+03
-3.109694924647624248e+03
-3.447497732934074884e+04
-2.907645906342306716e+03
-2.814006409802042981e+03
-2.278822865151681253e+04
-7.829500431365924669e+03
-1.266954800003571836e+04
-1.761583289858223361e+04
-5.989857480341808696e+03
-2.938475502680844875e+04
-5.262566069438127306e+04
-2.307959150822280208e+04
-4.457017139031214901e+04
-1.040225384676740214e+04
-3.930089428127937936e+03
-6.195012768880494150e+03
-9.073061706461598078e+03
-3.048296672988642240e+04
-8.206632961223454913e+03
-7.232580628650332983e+03
-4.529833885493812704e+04
-8.898802939102281471e+02
-7.814339010827820857e+02
-3.388079745227340754e+04
-3.257694587697527095e+04
-3.934509463814559240e+03
-1.153367459684057394e+04
-1.104835927925848046e+04
-4.193432363453158177e+04
-5.654887958548280039e+03
-1.365927158806935040e+03
-1.704175774760079366e+04
-1.701149117458660157e+03
-6.447786120320924965e+03
-2.108140930846091942e+04
-2.017178260351956169e+03
-1.192130253330908999e+03
-4.511034619593708612e+02
-9.111558439575183002e+03
-1.272980921288671379e+04
-1.409861607361224969e+03
-1.576263134067974715e+04
-2.418324747203179868e+04
-4.131044390210870188e+04
-4.535147835740558548e+03
-2.055154747747729925e+04
-2.025899898767103514e+04
-1.128274299722349315e+04
-2.666907715729447773e+03
-6.620048011059604505e+03
-1.043136894104086059e+04
-3.085882710963443606e+04
-3.930527982273727503e+03
-1.337211737976876248e+04
-8.943603775787507402e+03
-1.219464601369126103e+04
-7.847805473395626450e+02
-5.711994663578555628e+04
-3.264850685020984747e+04
-1.017367041883949605e+04
-1.333164082200932171e+03
-1.016923021464453768e+03
-1.541354118386879054e+04
-6.154278594175545550e+03
-9.565209876598915798e+03
-4.213517949710216271e+03
-3.944998621379249016e+03
-2.765104620899144834e+02
-1.804793413171319480e+04
-1.299604715185909117e+04
-5.657115450885838072e+04
-1.136329458317315766e+04
-3.717321196163008426e+04
-2.315177714125255807e+04
-1.361696712387630896e+03
-2.728794488758831721e+04
-1.359597136040265286e+04
-4.213911736774683231e+04
-1.968190550904779593e+04
-1.367873924507690572e+04
-1.310979532493508668e+04
-7.033322490216622100e+03
-2.287504728966453513e+03
-1.232481242550269235e+04
-1.815601432844248120e+04
-5.424886262686597547e+03
-5.097462823801794002e+04
-3.437477374098631572e+03
-7.570453816482919137e+03
-1.225551061382767693e+04
-7.845944756035031787e+03
-1.716953830777943040e+03
-2.605791499667880089e+03
-5.841197799241596658e+04
-7.642404720665666900e+03
-4.770367686909768963e+03
-3.963309451000127592e+04
-4.434895069999968655e+03
-1.760519255660854105e+04
-3.307433217424444592e+04
-1.858785204834794786e+04
-7.673848610844850555e+03
-1.083395767148965570e+04
-1.170348185641303644e+04
-6.769153822094251154e+03
-8.320950063607759148e+03
-7.745914153258088845e+03
-7.253691079079706469e+03
-1.436420980704001158e+04
-1.543031250656536031e+04
-9.210802495098987492e+03
-1.291591279640537323e+04
-2.607067516931518549e+04
-1.958850870790137924e+04
-6.009324153886595923e+03
-8.033654957521214783e+03
-5.868451747392736252e+03
-1.066474466568868593e+03
-1.691798335816925828e+04
-1.201984795615297844e+04
-1.267776751622519623e+04
-3.133951880697663910e+03
-1.827907610006158939e+04
-7.578855173367720454e+03
-1.670685910651731319e+04
-9.432819370326553326e+03
-1.726439530826080590e+04
-2.641262702225215980e+04
-1.988111008629169373e+04
-1.941705562747492877e+04
-4.483480055066877685e+04
-2.454550259101396659e+04
-6.809246172887787907e+03
-3.966146918529978393e+03
-1.924880728859390729e+03
-3.924821379878722655e+04
-1.316844669129028080e+04
-8.684312754578457316e+03
-1.415733750210292783e+03
-1.631417489193935035e+04
-6.018175089818213019e+04
-1.457813743639966333e+03
-1.279390541073843906e+03
-5.883518676077068449e+03
-2.641408678734800196e+04
-1.530240900362861248e+04
-1.269518327228380258e+03
-6.204941687369851024e+03
-1.950598124031053158e+04
-9.085824429476857631e+02
-6.941121226668983581e+03
-4.190925834487115208e+04
-6.029735377715525829e+03
-2.848605230937217129e+04
-6.225960623085999941e+03
-5.022318449464199512e+04
-5.898022522449771714e+03
-2.533081173069568831e+04
-1.731377444353977990e+04
-1.279047844242436440e+04
-2.560188852802185011e+03
-1.769104615249008566e+04
-1.170746387145032713e+04
-1.849861427319212089e+04
-2.113492063186849009e+03
-6.488718944293264030e+03
-3.098187037570651228e+04
-1.108665033346422933e+04
-1.644309957081949324e+04
-1.094906132480669112e+04
-1.523987356450611333e+04
-1.870106376074889795e+03
-2.348320304301295982e+04
-3.202430488725161013e+03
-9.156549478288723549e+03
-7.625100848604469320e+03
-7.011020756886757226e+03
-1.851714061587660399e+04
-3.834029655262292363e+04
-1.685824936908808013e+04
-4.156021673169148926e+03
-2.816180631670514776e+04
-3.783733010266449128e+04
-4.376283174162788055e+04
-3.936580038694219547e+04
-4.944161841556742161e+02
-9.092876596717844222e+03
-2.163275456561622377e+03
-1.422480692365360483e+04
-1.795597866290057573e+04
-1.170036561268174182e+02
-1.420508738511227602e+04
-4.216638131488280123e+03
-2.221133908503270140e+04
-2.601570609884955047e+04
-1.672613979064211526e+04
-1.014737076847265416e+04
-1.280495241654012170e+04
-1.380348375398313328e+04
-1.931244537026446324e+03
-4.567737605925993557e+04
-4.332081216723558100e+03
-2.338317092024385602e+02
-1.173503417536044799e+04
-4.199517943103590369e+04
-1.325691596081707576e+04
-1.410370115169725068e+04
-9.682462982103650575e+03
-4.315436351141315390e+04
-5.077442681317274037e+03
-3.737164263232608050e+02
-3.482476311624792288e+03
-1.418336071970108787e+04
-7.068161609021687582e+03
-2.756700755459421634e+04
-5.312399861273040733e+04
-5.197363732049418559e+02
-1.408767369622652222e+04
-2.326495461978395906e+04
-1.227634471460916575e+04
-2.932020473700857565e+03
-3.722224312149030447e+04
-8.104507337214313338e+03
-1.184571962863370209e+04
-3.814884007978789668e+03
-6.747281041818168887e+03
-3.585210885674339079e+04
-2.599405713473826472e+04
-3.026656694708645955e+04
-4.296560082962748311e+03
-2.672678427472610565e+03
-8.118810447444448982e+03
-3.112683100441162969e+04
-5.291405957326875068e+04
-1.183578761613154347e+04
-4.794213221734333274e+03
-2.555944296743410086e+04
-1.204354008644274018e+03
-4.371117117132480416e+03
-3.149610856368357759e+02
-5.089848751066434488e+03
-6.321451668503626024e+03
-6.006126082440788423e+02
-6.200604561511831889e+02
-1.763798404991178904e+04
-3.443436857861439421e+03
-1.141352228815020135e+04
-7.129351127845702649e+03
-5.452677131691548311e+03
-5.987578945973600639e+03
-1.213394680804936434e+04
-4.082691361527558183e+04
-5.479784799753016159e+03
-1.020022654839212373e+04
-6.166138371746756093e+03
-2.892125961809016007e+04
-4.591580767685235332e+04
-2.971800781442986408e+04
-6.460188812491607678e+03
-1.411649379848985154e+04
-2.558777108803293686e+03
-2.684017420765827046e+04
-6.887384834193198913e+03
-1.807922940773946539e+04
-3.504683238393854845e+04
-1.201806363796763617e+04
-2.512954398606036193e+04
-3.314227367985283490e+04
-3.449588227884809021e+04
-1.227204002287643561e+04
-2.488580167071737014e+04
-1.475909768280947901e+04
-1.764081258815601814e+03
-2.923812779148598565e+03
-4.686439126054257031e+03
-8.852115809108663598e+03
-7.664422537766571622e+03
-7.159498473464447670e+03
-3.215356926615299017e+03
-2.927626450040059353e+04
-2.035119912023782308e+04
-5.202869129907659044e+03
-1.872070462937467164e+04
-4.702979243638988009e+03
-3.896122073429155080e+03
-1.656050358166773776e+03
-1.132286099275108427e+03
-1.007781190612544742e+04
-2.989837383740999212e+04
-3.885604678613874057e+03
-3.101339525562488689e+03
-2.386165642927951467e+03
-2.129239020391653685e+04
-3.485140483187785139e+04
-1.013150676839146945e+04
-9.065062875068721041e+03
-6.187289027541556607e+03
-7.683372872880501382e+04
-1.521638617696670735e+03
-2.328076884691609666e+04
-5.039834488414405496e+04
-2.347904359617900809e+02
-2.313091862630491505e+03
-2.755153951238916125e+04
-4.505541377408269909e+04
-1.215563242116123729e+04
-5.646564831595223040e+03
-3.360857405372911217e+03
-1.733597410474376375e+03
-1.534869567284725235e+04
-9.595349472903102651e+03
-5.501993221201505548e+03
-1.702575627852604521e+04
-2.195480729675433849e+03
-1.807431207672295614e+03
-5.406260682024260859e+03
-2.043001743500260545e+03
-1.412557507066417747e+04
-1.777083422080413948e+04
-3.499169720350981152e+03
-3.091996806289912911e+03
-1.533355011355353781e+04
-1.070098767086003500e+04
-6.206562181016109207e+03
-1.296936097541039817e+04
-3.603974723937912586e+03
-2.304310124374030784e+04
-1.767652147331269589e+04
-1.011197486089053018e+04
-1.626631358275993080e+03
-1.084913871182258845e+03
-1.071238879096713163e+03
-1.079800641918841620e+03
-1.643362395460166954e+04
-4.422620759475391969e+04
-1.062192198167009337e+03
-3.986436285684795439e+04
-3.833104534890452487e+04
-6.175220130448139571e+03
-5.508017718364783832e+03
-2.938326250372101640e+02
-1.867263797347862055e+04
-1.153309859559922006e+04
-4.798521951403214189e+03
-1.587320913661360237e+03
-9.482444490422054514e+03
-2.394494772733833088e+04
-6.771233640462222866e+03
-1.021016984364773998e+04
-1.475969893963548202e+03
-1.491394694655325475e+04
-5.329358574294860773e+03
-2.494430503387678982e+04
-1.882955329253913806e+04
-3.967362381488337178e+03
-4.791386193135375834e+03
-2.206860170200916036e+04
-8.750473000783364114e+03
-2.220684052605768011e+04
-4.917686416317264047e+03
-5.157373943337385754e+03
-1.374338461183916297e+04
-5.809761229934084440e+03
-2.836351514955989478e+04
-5.606582396688194194e+02
-4.832263639519363096e+03
-4.796090781626673561e+03
-1.431098794526499660e+03
-5.871178997380205146e+03
-1.052720334802150865e+04
-2.454630453197755924e+04
-2.304413296776826610e+04
-1.798040283441459178e+04
-5.199672303944404121e+03
-6.300794018173180120e+03
-1.438360587715883048e+04
-3.754982248553023965e+04
-1.557735563227428065e+04
-1.085977674791014942e+04
-7.363046665227784615e+03
-7.224873519557248073e+03
-2.396190209056193999e+04
-2.381778098002281695e+04
-2.172764357714743892e+04
-8.159698350316501092e+03
-2.802996450321736847e+04
-9.417584264678765976e+03
-1.329231828882509217e+04
-1.042150063655909253e+04
-1.314925123827491916e+04
-4.066999661749308871e+03
-1.684294152815306734e+04
-1.291370748340353930e+04
-9.312013898145829444e+03
-1.352440155737014356e+04
-3.494796872317149791e+03
-1.329211680306966446e+04
-6.918874798035570166e+03
-5.121184786257672386e+03
-2.116908755636363821e+03
-2.144323179737481769e+04
-1.646584726350081110e+04
-6.691209710328512301e+03
-2.143914773448305641e+04
-8.585928536795407126e+03
-2.199138938080629305e+04
-1.992785844454807375e+03
-8.940153868480707388e+03
-6.922862223084566722e+03
-4.224745181977043103e+03
-6.555040794040447508e+03
-4.651931902014542720e+04
-7.763411310713778221e+03
-1.295939106729261039e+04
-4.109439845118859012e+03
-1.743162652140680802e+04
-6.596550604347176886e+03
-4.501015836100753222e+04
-3.610909789530796843e+04
-4.397006463236950367e+03
-1.522647488325502309e+03
-1.122342773743467478e+04
-7.705882472386290829e+03
-1.525067220037545303e+04
-3.628601013950780180e+04
-6.357790886166970267e+03
-3.879442334435813973e+04
-5.113407280453518979e+03
-2.473188602335180985e+04
-1.755783512940281526e+03
-1.636016628785533067e+04
-3.713721751361880251e+03
-9.414439160539770455e+03
-7.804126528195162791e+03
-9.323343591960838239e+03
-5.461096593573837890e+04
-1.557136232428852509e+03
-9.692375861190128489e+03
-2.717191066119395691e+04
-4.518404557693766947e+03
-7.905656707518865005e+03
-1.107715913447228559e+04
-5.831267303122786871e+03
-5.157225424318420664e+03
-1.265045343132311791e+04
-1.884036814317987228e+04
-4.021399349840883224e+04
-1.724790507804616482e+03
-1.646187019336552476e+04
-8.740843359864324157e+03
-2.676493532244210292e+04
-6.919848755344474921e+04
-2.031061076051482814e+04
-1.126794648006182615e+04
-5.652615577149651472e+03
-2.473916405082401980e+03
-8.005134744931611749e+03
-2.181665057808683923e+04
-4.901760301875854680e+02
-1.612970181259867604e+04
-1.685763110938117097e+04
-5.261737649092333595e+04
-3.159880323230044814e+04
-1.426716807073192285e+04
-1.456694098969699371e+04
-2.892899870874721728e+03
-1.620291823293860034e+04
-3.033581154614418119e+04
-8.964821318839041851e+03
-2.513112881989374273e+03
-2.411556743663471207e+04
-4.374320966778053116e+04
-2.854726049223665905e+04
-1.377010022883674901e+04
-2.403574297311019473e+04
-1.201731239874018684e+04
-8.521388649500988322e+03
-4.702341224598577355e+03
-5.523210449609173338e+02
-1.202751842588781437e+04
-1.883058606131876149e+04
-4.360856799607715402e+03
-1.327507548607648096e+04
-2.415970312020722304e+03
-1.161486209336143247e+02
-5.280215095647539783e+03
-1.664194118361571964e+04
-1.087076501785981054e+04
-3.893966370792382077e+04
-2.625997205879274406e+04
-5.495488076942579028e+03
-2.061672489431135546e+03
-6.823010834934867489e+03
-6.487235006782942946e+03
-3.322006497878437585e+03
-8.712864620432324955e+03
-7.808970989430050395e+03
-2.233421441624194995e+04
-2.922708720124696993e+04
-1.165883039750545868e+04
-2.050438211676924402e+04
-1.120443153332412294e+04
-2.434237619655157687e+04
-4.776852565259486437e+04
-1.797029766083811774e+04
-2.214154101473455376e+04
-2.042186867278129284e+04
-5.491526111885176942e+04
-4.562718558147446311e+04
-1.090031681407009091e+04
-2.859799223640660784e+03
-2.091086486660456285e+04
-4.827503473138322079e+03
-1.656946576964325504e+04
-1.553383849793082391e+03
-1.747805898529780461e+04
-4.143348829323852260e+04
-3.725994795706940931e+04
-8.729692279931879284e+02
-3.640451834137106925e+04
-7.733037337063608902e+03
-4.547743174745445685e+03
-9.774007906433569588e+03
-5.756538504492943503e+03
-2.473675455413503369e+04
-6.569463001928335871e+03
-3.489827493609923840e+04
-6.149097091840226312e+03
-1.945707711850481428e+04
-2.193804577178152977e+04
-3.586370206842882908e+04
-4.130460588308368983e+02
-4.283859013314719959e+03
-3.670792564340955778e+03
-4.703681938949154755e+03
-2.300267945994366164e+04
-4.479019528182427166e+03
-1.317409080809928128e+04
-3.369134769062305713e+04
-1.023347845394555952e+04
-4.010015573545146253e+03
-3.124013192974472986e+04
-1.010637742592396535e+03
-3.052747607081873866e+03
-4.066965770999025699e+04
-2.209857645183959175e+04
-1.861837300690569100e+04
-1.237421957594060132e+03
-1.047048114815003464e+04
-4.744443349432103787e+03
-1.431814594765997208e+04
-3.734280508364509296e+04
-2.416147654549387880e+04
-5.916610665572249127e+04
-1.116373232260927398e+04
-1.389572282337473189e+04
-2.867291444357225828e+03
-1.456484932448149993e+04
-1.033985598503371330e+04
-2.094386866782005018e+04
-7.827783011644314684e+04
-2.757490768534618837e+04
-1.178839910686852454e+04
-1.993797846373861148e+03
-2.951936083613010487e+04
-5.012090253520583792e+04
-5.192883149937612325e+04
-1.447881773899227937e+02
-9.861168906505759878e+03
-3.796740523503498844e+04
-3.692242000817576627e+04
-1.150480794791973676e+04
-1.026781745025171840e+05
-7.025368450288838358e+04
-4.669792735172588323e+02
-3.222101423546320439e+04
-1.221991439081348472e+04
-1.507041040716452471e+02
-2.674362826221680280e+03
-8.724498107554620219e+03
-1.094850493935665509e+04
-2.954081174239427128e+04
-1.378161544665889596e+04
-2.083348852266254107e+04
-3.042153154682030436e+04
-9.669913819330875413e+03
-4.844954168540899445e+03
-1.116844889348886500e+04
-2.996236877384358013e+04
-1.585434153522698762e+04
-1.227009834215528281e+04
-5.329297413057884114e+04
-6.415362227557490769e+03
-3.190434442137853694e+04
-2.185328495112240034e+03
-2.955775286745577432e+03
-1.264012171032695187e+04
-3.830313288926700625e+04
-4.019078190579263901e+04
-1.108276879729105895e+04
-1.247159306276123243e+04
-2.480422147103698080e+03
-3.157644837101114899e+04
-1.761992757537671878e+03
-8.209034347705581240e+03
-1.223782482499401158e+04
-1.761105433709999124e+04
-1.007142159545412323e+04
-2.373319608096226148e+04
-1.734541469425367904e+04
-3.320856599866214674e+04
-1.872973057046410759e+04
-3.773716976584591976e+01
-1.263098027787339197e+04
-6.002562031262219534e+03
-2.270082186365948928e+03
-5.503842054313240806e+04
-1.659126235329855263e+04
-1.392442947101916616e+03
-2.435386696960599511e+04
-5.250092053872889664e+03
-8.494940890584895897e+03
-1.665706909598092898e+04
-4.038056390495269738e+02
-5.450438500502878014e+03
-1.634453521463779907e+04
-6.809240114179831835e+03
-7.028341616123513631e+03
-6.497659637151046627e+04
-2.064774767588618488e+04
-1.596680125378525918e+04
-2.508854544537561651e+03
-3.388835271953834308e+03
-4.116676039147200208e+04
-4.912566351569646940e+03
-1.621629496897750505e+04
-6.335862459615465923e+03
-6.593353262043816585e+02
-3.228610056649749095e+04
-5.038236324110692294e+03
-2.697443674317645127e+04
-1.995483178621707339e+04
-1.738423688041414789e+04
-3.821873090648481593e+03
-2.446565553538133372e+03
-1.282754890998167866e+04
-8.603739347370716132e+03
-3.322705816289164795e+04
-2.495686359008370709e+04
-2.506709539207621856e+04
-1.106317155189764890e+03
-2.245324551974783844e+02
-1.009584395047421458e+04
-3.153882442195293333e+04
-5.968156573941576426e+03
-1.114714886082132762e+04
-1.220344080353347817e+04
-3.423567589113661961e+04
-1.157650778793925610e+03
-3.421904867574402488e+03
-1.693934764864759927e+04
-1.581128975884266401e+04
-1.328041504492219610e+04
-5.066022153456376600e+02
-3.098231689979845396e+04
-2.906220336495006632e+04
-1.768663391658107867e+04
-6.746024059740424491e+03
-8.702872532520932509e+03
-8.789949501518080069e+03
-1.026913204841612605e+04
-1.474112730203553474e+04
-3.095091981369673886e+04
-9.236636303386598229e+03
-1.841408173147595335e+03
-3.007693025593187485e+04
-5.427712104391495814e+03
-8.222836568377295407e+03
-1.001934748535332619e+04
-2.809905619310685142e+04
-1.923870750085736290e+04
-1.347207906744903448e+04
-2.442288783895300730e+04
-1.679423324744698402e+04
-1.025125446553925758e+04
-1.497079447796928253e+04
-3.311694996338104829e+04
-1.166287533947064730e+04
-2.303989817023162686e+03
-1.985397009566611814e+04
-1.189972427571058506e+04
-3.170381110219208949e+03
-8.392442778872527924e+03
-1.940864365173642454e+03
-7.276504053360009493e+03
-7.914291448661435425e+03
-9.576175170763706319e+02
-1.449624356541429188e+04
-4.613225410599311545e+03
-1.618016041609837521e+04
-3.802436883407075220e+04
-1.849729906896733155e+04
-4.448888575099937043e+03
-3.785602623382983893e+03
-4.099489591713243499e+03
-3.524084883160863683e+04
-5.857025842946886769e+02
-5.834498968467440136e+03
-2.151738079926043429e+04
-1.936349275012553335e+04
-5.615369853055264684e+03
-3.523914878821590719e+03
-5.926374513582985855e+03
-2.888791301543459849e+04
-1.217161406447643094e+04
-3.510675709724194166e+04
-1.214444836970107826e+04
-5.501129014988860945e+03
-7.915878633376529478e+02
-1.208700293536084428e+04
-6.849733149022399448e+04
-7.328642366953072269e+03
-3.129326401788834482e+04
-1.200932031781640580e+04
-4.050000603216262971e+04
-8.376988753590792840e+03
-1.179067112691829061e+04
-3.409066908097191117e+03
-2.195814327600521210e+04
-1.002517259935829497e+04
-2.594576015497787375e+04
-6.509681718400846876e+03
-1.011073473989745435e+04
-1.396589721850332717e+04
-5.670034410175091580e+03
-1.189945232717194585e+03
-1.614235236014471866e+03
-2.990941468662337138e+04
-3.285333565381179505e+04
-1.602174344325844504e+04
-1.381677785171501091e+04
-4.885694490034685259e+03
-2.457906830300912407e+04
-3.346670259563100990e+04
-5.569093796936604122e+03
-3.203911800590266284e+04
-9.299355458019948856e+03
-5.985448235183606448e+04
-1.000680739115659708e+04
-8.228320671644405593e+03
-2.151100285804261603e+03
-1.189937831162718976e+04
-1.010658118154661497e+04
-1.204953414631630039e+03
-1.841576215298284660e+04
-1.992850670901364356e+04
-7.231108675171844880e+03
-1.658037618425910114e+04
-2.565518255347359081e+04
-5.531915505902554287e+03
-1.964293266989372341e+03
-8.738478932979831370e+03
-3.378889222035560670e+04
-1.844325141172710210e+04
-1.132353076977877026e+04
-1.857575737070912510e+04
-6.590641212606566842e+04
-7.066211249049110847e+03
-3.148748958333633709e+03
-6.635443577863796236e+03
-3.568212039411375008e+04
-4.767952301713949964e+03
-1.906803310241081272e+04
-9.801642162508544061e+03
-1.502624778834825520e+04
-7.883898081254713179e+04
-3.407602279788866326e+03
-1.595522835160896830e+04
-1.224039403625794694e+04
-8.563048025536067144e+03
-1.872567710705546051e+04
-1.325015075782830900e+04
-3.456833242703757492e+02
-1.850926671668884228e+04
-2.089944973380769625e+03
-1.788482421400024759e+04
-1.595115316750617239e+04
-1.400166794549803853e+04
-1.159079523218144459e+04
-4.600609685564122628e+04
-1.152389216996888717e+04
-5.322325693718148614e+02
-7.963204895706005118e+03
-1.235120023967735733e+03
-4.397056040932688484e+04
-5.518789573649720296e+03
-1.775481180364796819e+04
-2.540213077757402789e+04
-6.911008235721878009e+03
-2.623661982586225804e+03
-2.660031882651420892e+04
-2.703500359534210656e+04
-1.462893394226008240e+03
-2.844471416310934728e+04
-1.556013240873105360e+03
-7.073334994800658933e+03
-1.168597180316256345e+04
-8.108843126371148173e+03
-1.478555211942741334e+04
-3.461939705243528442e+04
-8.954179577617507675e+03
-8.142463074504383258e+04
-5.489417484131451056e+04
-2.872474870746637316e+04
-1.745822551013387965e+03
-1.164384607911794774e+04
-6.985252010254454035e+03
-1.719975222266437777e+04
-3.295950960629646579e+04
-3.162588686611183221e+03
-6.570826058289078446e+02
-1.147734671825930309e+04
-1.688190652523970130e+03
-8.029401367359463620e+03
-1.046028012741190469e+04
-1.952726699801712311e+04
-4.708225333521893390e+02
-3.356537358288239921e+04
-1.282500259986469791e+04
-8.682561768405172188e+03
-7.556377112911598033e+02
-4.408024141455339304e+02
-9.265864602577470578e+03
-3.217162931617161576e+03
-1.984216420471395759e+04
-5.864286291533861913e+03
-2.456863491795744631e+04
-3.700659807851123333e+03
-2.423636765161619041e+04
-1.669896638487116070e+04
-4.278945499283263052e+04
-1.806803054418057582e+04
-1.773756654017309847e+04
-1.827325819731732054e+03
-1.531804994574259035e+04
-1.169225515508252556e+03
-8.099206604604985841e+03
-3.500535718657516554e+03
-4.037730777460905665e+04
-8.120544782862330976e+03
-1.534904467540056976e+04
-8.080052408272095818e+03
-5.242501371268636831e+03
-8.992886501490715091e+03
-6.745231119031712296e+03
-1.814783903585216103e+04
-2.718054583520280357e+04
-1.658180137825446945e+04
-3.535204072042163898e+04
-8.042547955259851733e+03
-2.908772885992865122e+04
-3.273072102006636328e+02
-2.053029804163096196e+04
-2.452635650935531521e+04
-2.438228244563656699e+04
-2.110711271947070418e+04
-2.794118954588575070e+04
-2.237156461800755278e+04
-4.373062069755988341e+04
-3.079453671479880722e+04
-2.193760468057312664e+03
-2.624046304894799323e+04
-2.423142386824867208e+04
-7.474085414624241821e+03
-1.770305826738699761e+04
-2.338915188719843627e+03
-1.764059776970751409e+04
-1.054588717150029424e+02
-4.054600788878106869e+03
-8.574994459438788908e+03
-4.104976209395702608e+04
-3.547303344718744484e+04
-1.864064090521715116e+04
-8.635760584641509922e+03
-2.577456487325564012e+03
-1.158331249407827454e+04
-1.669580038810237966e+03
-1.721349549312455929e+04
-1.355128171234590627e+04
-7.426764489426258478e+03
-3.039836888844198620e+04
-5.951922974337025153e+03
-1.624319253790358198e+04
-7.368765496866873946e+03
-1.500720825762129971e+04
-9.475958932362711494e+03
-1.220197627108856068e+03
-1.883183071754844786e+04
-1.545185800896169167e+04
-1.709531302232513917e+04
-7.653066611845622901e+03
-8.060878544757995405e+04
-2.797811888711438587e+04
-2.038338949310185490e+04
-2.117011699877388673e+04
-1.166240370652857382e+04
-4.446415871641275589e+04
-1.632950594423043549e+04
-7.117356406079621593e+03
-1.660483759803498106e+04
-8.281476823458193394e+03
-2.104705725110069034e+04
-2.706898507785967377e+04
-1.776642949905627029e+04
-9.177236021854834689e+03
-2.350760761099884621e+04
-2.498425582559129180e+04
-6.936451593276368840e+03
-1.441966435315990566e+04
-4.689407243949361873e+04
-2.090354840446393064e+04
-1.153117639697439517e+04
-3.427607972881544811e+03
-2.098968044958493920e+03
-2.657311234641919145e+04
-3.149285756905401286e+02
-4.392827165944938315e+04
-2.587452977234502214e+03
-1.303907188677635531e+02
-1.927533545068213425e+04
-3.794155198740018022e+03
-1.142687874232664399e+03
-5.067886067684138834e+04
-7.583263313202956851e+03
-2.647634440220610850e+04
-1.014426984372785773e+04
-2.784627546095566140e+04
-7.304660719242456253e+03
-2.667471344292550384e+03
-4.047539030358793752e+03
-3.076650904666649512e+04
-1.428547748045844492e+04
-1.583251087346012355e+04
-2.450863147311456851e+04
-1.991623047531515112e+04
-1.108891409524899245e+04
-7.649586072834988954e+03
-1.234831005574813844e+03
-6.198246050154824843e+03
-4.667130187936578295e+03
-1.438743551890950221e+04
-1.947375237709287467e+04
-9.414904948249983136e+03
-1.354538099530628642e+04
-6.457457060463671041e+02
-9.712610938493504364e+03
-1.727385946628947568e+04
-5.825618594381779985e+03
-3.536666483212980529e+04
-8.207319165741186225e+03
-3.426371990612830268e+04
-1.308409521545390362e+03
-2.327293611720321496e+04
-6.873760147928881452e+03
-3.939457975714928034e+04
-4.008575260816067021e+04
-1.630430454945707788e+04
-1.067318279135766534e+04
-9.711874420973341330e+03
-2.216784145697537315e+04
-2.449732823773069686e+04
-3.473155428195741024e+03
-5.456488894320554209e+03
-1.300984246865843124e+04
-1.025649304679753914e+04
-2.006825012333391351e+04
-4.722781771427705098e+04
-1.823353933728273478e+04
-1.659232496883339991e+03
-1.183754156205439176e+04
-3.735012602775030246e+04
-5.968309849440785911e+04
-1.790206500886336289e+04
-1.678092430012712794e+04
-1.159347462775667918e+04
-1.893110053994187547e+04
-8.710932247113754784e+03
-2.554309119176788954e+03
-1.633397028841939755e+04
-1.136478912241473517e+04
-2.385804513426276117e+03
-7.353359482776097593e+02
-3.912210212098915690e+03
-7.700233451126686077e+02
-1.017566147954740336e+04
-6.022563659353451840e+03
-6.264176735355317760e+03
-5.211314000005838898e+04
-3.926162331253385219e+03
-5.946576360254454812e+03
-3.380101741462454811e+04
-3.228233574687900909e+04
-4.445083320854445628e+04
-3.353032079066623555e+04
-9.783064515764759562e+03
-2.644902561696854900e+04
-3.878356300360153546e+04
-2.688666652280955532e+04
-6.893108932695478870e+03
-2.413571839053598160e+04
-1.949594833161070346e+04
-6.192045648959332539e+03
-1.732335131677555910e+04
-1.743146694243644015e+04
-1.213569510623240240e+04
-3.082850522973462830e+03
-2.847398239033733989e+04
-1.426940612447095918e+04
-2.097615293700364055e+04
-7.850304824468348670e+03
-1.114989051530254983e+03
-3.707828103844165889e+04
-1.086286610899395964e+04
-8.400276893791489783e+03
-1.850100835005366389e+04
-2.811201549667756990e+04
-3.758359094963569805e+04
-7.757609797452155362e+03
-4.529105371474505228e+04
-2.585571517795595810e+03
-1.185210931913778950e+03
-5.359024893073551539e+03
-1.614904895072333375e+03
-3.613690518195684854e+04
-2.140102025128353489e+04
-2.617589006963685279e+03
-1.507859461193517018e+04
-2.294327994828273222e+04
-3.646023953438566423e+03
-1.488364068456745008e+04
-1.092740482360586248e+04
-1.250848030532802113e+04
-2.874307687555849498e+02
-2.033113487473327496e+03
-2.941069228819613272e+03
-1.440973176374350624e+04
-1.090294739983514228e+04
-9.340413005958960184e+02
-8.795868802126406081e+03
-1.221247276109914310e+04
-4.258109485624222543e+03
-3.589376392307403148e+04
-2.377527903111454634e+03
-1.357574822920630822e+03
-8.327869294587064360e+03
-2.051661762156257737e+03
-1.282404363700199065e+04
-8.117511601494252318e+03
-1.344591181814453557e+04
-2.073327575582243662e+04
-4.274495782856726873e+04
-8.203408262496943280e+03
-5.367214217897962953e+04
-4.009277875653335650e+04
-8.978272234691212361e+03
-2.218495134249692455e+03
-7.076507941845119603e+03
-3.518447962684834056e+04
-1.361047607505782798e+04
-3.981845329276395205e+04
-1.279645364750391127e+04
-3.427355538115797572e+03
-2.764379002579027292e+04
-4.479264972737917560e+03
-1.055144276494482801e+04
-1.431401958388375169e+04
-5.204716734032783279e+03
-1.695650340057122594e+04
-2.283625903148768339e+04
-3.283352624912206011e+03
-9.545418613682018986e+03
-2.978375582111260519e+04
-2.942072846086295976e+04
-2.245585349162358852e+03
-1.002850042396928438e+04
-2.764016217808156398e+03
-1.584543808334351888e+04
-1.742384445756053537e+04
-1.161890531527237727e+04
-1.410468643532707028e+04
-1.297988974767908257e+04
-1.341352631716194082e+04
-3.876030102863372304e+04
-2.662018631741490753e+04
-1.351857597443414079e+03
-3.151122054446625407e+04
-2.592715991294139712e+03
-3.008111546972138603e+04
-2.124684744271074669e+04
-2.310772902726577013e+04
-1.621436746595489603e+04
-1.346438645165453818e+04
-1.683706802459185565e+04
-2.495299541894325375e+04
-2.471410667386954447e+04
-3.050354465184871515e+04
-3.261267882848921363e+04
-4.296916041712297738e+04
-3.618126600224976301e+03
-1.065153814418771617e+04
-5.507570491767279236e+03
-5.454378069507121108e+04
-1.336370297927740467e+04
-8.365262596908360138e+04
-3.275154619731620915e+04
-1.215862294566179298e+04
-1.447870832455214986e+04
-1.950542605555801492e+04
-9.005229967951832805e+03
-5.277411552569202286e+03
-1.716780832585129610e+04
-1.929720573016832532e+03
-3.871372057950813178e+04
-1.346160343110315125e+02
-8.206444365264482258e+03
-6.807616463183413771e+02
-2.174460543168233016e+03
-1.016711658138557482e+03
-1.814767660935646563e+04
-1.324414754703724611e+04
-1.125564427146481648e+04
-8.998570151321723642e+02
-4.351438014398537052e+04
-8.749691529468407680e+03
-1.242044171869368256e+03
-1.300356350823246430e+03
-1.786185757266471046e+04
-1.437544551178003530e+04
-1.074889011442607853e+03
-1.595362104157632530e+04
-1.993286611221645944e+04
-1.492229372067896657e+04
-1.498041646909137489e+04
-3.765640503790346884e+03
-8.214069042998464283e+03
-6.325266990752745187e+03
-4.388107086178582540e+04
-2.199497538098725636e+04
-1.705793808930610612e+04
-1.043372888846784190e+04
-2.925164213295289755e+03
-1.601738812821479587e+04
-3.788742634375774969e+02
-7.037742686727777254e+03
-8.092941592490696166e+03
-5.127319322407067375e+03
-2.391280351198088283e+03
-4.375321932438693693e+03
-2.594186858298463267e+04
-1.637471920451525648e+03
-2.107102082327776952e+04
-1.389039572885305461e+04
-1.348498605309141021e+04
-8.014427497532875350e+03
-4.954003122766557681e+03
-1.037189587673741335e+04
-1.816444804886873317e+04
-1.221852286904410175e+04
-2.115785556593513775e+03
-2.550259516927606819e+04
-1.511059100923436199e+04
-2.054545803962092396e+04
-1.403580663506613018e+04
-2.094152146230714425e+04
-1.175227533664951989e+04
-3.131258850049162356e+04
-4.073611113334980473e+03
-1.958273715130168057e+04
-3.766476517792847972e+03
-1.929026585241342400e+04
-6.477789776998367415e+03
-3.088307463140951950e+04
-1.217399271170140673e+04
-1.358342139368372773e+04
-2.705148088282884419e+04
-6.906640235616061545e+03
-6.691922149170688499e+03
-3.359336504147008964e+04
-1.144100042993731950e+04
-1.361515014330992926e+04
-2.185739418755370480e+03
-1.926969494765092804e+03
-4.421103628854889394e+03
-7.429118539608987703e+03
-1.415725709890303915e+04
-5.303054972088999057e+04
-7.493396273111978189e+03
-6.474999950104090203e+03
-6.770712030368305022e+03
-5.449084698481012310e+04
-9.718063009654197231e+03
-1.250019456428731792e+04
-1.137669600541528052e+04
-2.285005394651682582e+04
-8.069890684718418015e+03
-1.480865959123871471e+04
-8.991096951594892744e+03
-5.214920440909644822e+04
-1.073050598004341509e+03
-2.117807269147757324e+03
-3.556693255586881151e+03
-3.687145452553887026e+03
-4.702513171218878597e+03
-3.951670655528754651e+03
-7.843842453455765281e+03
-3.344998774112648971e+04
-4.359781037510694659e+03
-1.706585309607977251e+04
-1.357846888549200958e+04
-2.686066530140612667e+04
-1.765070578513903092e+04
-3.591721559661017091e+04
-2.661011403617800170e+04
-3.557874545319541357e+04
-2.440069281087940180e+04
-5.097081665053669894e+03
-4.922520062506201793e+04
-1.006272878717164349e+04
-2.842461369694954556e+03
-1.498916924071005724e+03
-1.455182908429607551e+03
-2.095947250929658185e+04
-1.921841009052688605e+03
-9.832674840205647797e+02
-2.967904257301359758e+04
-1.214456991948872928e+04
-2.951723843257467888e+04
-1.710311989729595734e+04
-1.316589003345590572e+04
-1.296495653081423143e+02
-8.021007371993589913e+03
-1.299780163996476585e+04
-7.299902683592684298e+03
-1.636062651015726078e+04
-6.975072170619003373e+03
-3.143370366707409994e+04
-2.605001333968156359e+03
-2.109637229754126110e+03
-9.476118931879595038e+03
-6.456805959628900382e+03
-9.496637835103620091e+03
-9.376639703481301694e+03
-1.246311469642938027e+04
-7.482583031298607239e+03
-4.812083171343918480e+02
-1.355280564057477250e+03
-4.663079380304166079e+03
-4.359268611807667912e+04
-5.333527833170288432e+03
-1.833884344298692304e+04
-3.622623526162509370e+04
-4.497131260068848860e+03
-7.418621128344355384e+03
-1.378193192908477067e+04
-1.311784683171785400e+04
-7.925401681912618187e+03
-2.461990449369389171e+04
-1.988800255277966062e+04
-2.330365234213487929e+04
-3.787193391143105146e+02
-3.582425785482318315e+04
-1.700639766847047213e+04
-2.931038480212455033e+04
-2.603774204787676467e+02
-2.542800438549456157e+04
-1.973782727597721168e+04
-4.502226359824929204e+03
-1.917740487510126695e+04
-2.993211398399310929e+04
-4.732841139276483591e+04
-1.465252850672331078e+04
-6.278869290326354530e+03
-1.278352331241512366e+04
-2.011241607352478241e+04
-2.629331804509411450e+04
-1.937752872285615922e+03
-1.119025928552050573e+04
-1.252786862739837306e+04
-2.520692702121379625e+03
-9.864315174243345609e+03
-6.446633420594436757e+03
-7.262366768097307613e+03
-3.801250836245723349e+03
-3.242559212424229554e+04
-1.075750612806067238e+03
-1.317860923647104391e+04
-2.247269279374747202e+04
-1.248800749761542465e+04
-6.512359521725864397e+03
-2.799730132443188268e+04
-4.667663741392612792e+03
-1.376945689769030469e+04
-9.979792947504771291e+03
-1.114659402005559969e+04
-6.990436014613762381e+03
-1.658259431213287098e+04
-5.094272377018838597e+03
-1.355974690523867503e+04
-1.195039363616539777e+04
-1.151408462498629160e+04
-8.489132599608527016e+03
-1.588148784000643536e+04
-1.047641133685374734e+04
-3.608650294371085693e+03
-5.018683547223429741e+03
-2.200492437261928717e+04
-2.694723479949198463e+03
-5.443852601670236618e+04
-7.079240737682403415e+04
-7.956446378334861038e+03
-1.967488905507173695e+04
-3.074105842961670078e+03
-2.915049170956735179e+04
-3.026879600002922962e+04
-1.983040405516674218e+04
-5.755290559106044384e+03
-9.886706465385988849e+03
-4.057285926451633713e+04
-2.555819974971634656e+04
-3.927070517022772401e+04
-4.753452756262649928e+03
-4.534505783623446405e+03
-2.084172518528031105e+03
-3.312864383469679160e+04
-3.259073469900011787e+03
-2.613193023375101620e+04
-2.791474363551626084e+03
-7.572728544849559512e+03
-2.443759842231702351e+04
-4.895325681695287130e+03
-5.396825695693141461e+04
-5.237620005557705554e+03
-6.313392646878138294e+03
-8.151300389752792398e+03
-2.007195582533519701e+04
-4.405761720324264388e+03
-2.827246605867880589e+03
-2.148920027132735868e+03
-1.746177892990007604e+04
-1.472058174216391672e+04
-1.419529157981589742e+04
-3.566574714741314892e+03
-1.629334362135839456e+03
-6.382859931517787118e+03
-5.767434854685282517e+03
-1.090288224169994282e+04
-3.568252490229553132e+03
-3.142556049869821072e+04
-1.426106679306562000e+04
-2.023457705596776577e+04
-4.072954470134999610e+03
-8.163058264249164495e+03
-1.687698434119759622e+04
-2.919156210794474100e+04
-2.738702654445301050e+02
-1.968332381785125563e+03
-2.640303476917556509e+03
-9.038797530190851830e+03
-1.797155484100268950e+04
-1.029535455361365166e+04
-3.524955813250031952e+03
-1.340921134698897004e+04
-3.706293721490302414e+04
-6.669061818774217500e+03
-2.787276200314239759e+03
-3.820241731621081999e+04
-3.989146054244889001e+03
-3.761546610398992925e+04
-2.804239437396482026e+04
-1.045823771156413204e+04
-3.465545664166891584e+03
-2.579872879404214473e+03
-1.554909632951861568e+04
-2.244200975937628391e+04
-3.481120124432018929e+04
-7.536656160476648438e+03
-1.178699575744384492e+04
-5.452894331683790369e+03
-1.631238364165313578e+04
-4.081362066656885145e+04
-1.429188952948100996e+04
-1.446399243698225655e+04
-2.324872665139790570e+03
-4.500736250432745874e+04
-3.205230555315761740e+04
-3.002883378787966649e+04
-3.589719225590297924e+02
-2.505135106141306096e+03
-3.270264107344102376e+04
-3.027607129691027876e+04
-2.144142604683801983e+04
-2.468864330054042512e+04
-1.238209455254698150e+04
-1.442121893252638620e+04
-3.295002772703707706e+03
-1.392996976058360451e+04
-8.127464755589449851e+03
-2.071758202581785736e+04
-9.234068426535113758e+03
-1.454160912072682095e+03
-4.395445085990584630e+03
-1.695607064621370955e+04
-4.086440893591986878e+03
-3.238125765453587155e+04
-3.691465135432240641e+04
-1.251482726118646315e+04
-2.404771586787214255e+04
-1.132300206942785280e+03
-2.959843392500272239e+04
-3.186911868037015665e+04
-2.067454409671785470e+04
-1.195097151472206315e+04
-3.307094851787993775e+03
-2.766600688549031474e+03
-7.400657969841010527e+03
-1.928250144719448144e+04
-3.246621919908172276e+04
-2.216794412713406564e+04
-2.364536612802226955e+03
-1.260750925609733895e+04
-6.372404130663203432e+03
-2.106545210857116399e+04
-1.325648846983196563e+03
-1.467426762542895085e+04
-3.464648195885499149e+02
-1.468732070967051550e+04
-4.069608307334573328e+04
-9.074551051697842922e+03
-2.984941988526660680e+03
-1.797465404774674880e+03
-1.994159362605504430e+04
-2.023839031275096204e+04
-4.623641501573575624e+03
-8.964684724278584326e+03
-4.083275728010290186e+04
-1.414269124506114349e+04
-3.595582919697157195e+03
-1.086210380681150127e+04
-1.067839582385790527e+04
-5.866053003663600975e+03
-1.114716837813773054e+03
-2.904520432527220328e+04
-5.528419446189620430e+03
-1.701583266908324731e+04
-3.304597374801112437e+03
-4.216095633560974966e+04
-6.230438239039856853e+03
-5.389831574014348007e+03
-6.706187493598881701e+03
-6.622254465020015232e+03
-5.107093959477838325e+03
-1.650309979828133510e+04
-2.160692502508031976e+04
-1.036923149255711178e+04
-2.164021871747878686e+04
-2.118172675066871670e+04
-9.892823304097200889e+02
-1.833137386933123707e+04
-2.015766897630148378e+04
-1.732351594687427496e+04
-5.472289861980240858e+03
-2.787500881677954567e+03
-2.197051051461245379e+02
-3.192506970772153727e+04
-4.816002642664973791e+03
-1.508600964828162250e+04
-1.550613935020394638e+04
-5.824429528279674560e+04
-4.167245749758526654e+04
-4.417937767232087936e+03
-4.510548410949826211e+04
-3.478424308371253574e+04
-1.538138615680000157e+03
-1.477860253429015756e+04
-1.817788460546438000e+04
-8.787550724662018183e+03
-1.269825355191882409e+04
-2.029906095055624610e+04
-7.405434869001495827e+03
-1.540696696949467332e+04
-1.080492352631468384e+04
-6.364773487275539082e+03
-8.665331165280342248e+03
-6.011234862770419568e+04
-7.145575165493491113e+03
-1.340211193849806114e+04
-1.920995948949822196e+04
-2.046621258232554283e+03
-3.179057112377205340e+04
-6.616773950935213179e+03
-3.929834525337562354e+03
-2.123523047010297159e+04
-1.954423416564366562e+04
-5.552366608698862547e+04
-1.717843981343141058e+04
-5.378443900968902653e+02
-1.722854518093876777e+03
-6.944204217771721233e+02
-1.178003162026759128e+04
-2.978975919182267899e+04
-1.283414968521536503e+04
-3.567350597194067814e+04
-2.262992805882574430e+03
-3.187489743524663027e+03
-4.275514057027550007e+04
-1.203359903328518158e+04
-1.428978047897502802e+04
-4.802798979792433784e+03
-1.350726738523481436e+04
-1.352345890492740182e+04
-1.205457952972801650e+03
-1.364664828394189135e+04
-4.126363292061780157e+03
-2.192098207685533453e+03
-2.040094614276272523e+03
-3.385689061954425415e+04
-7.016339784546439660e+03
-1.788112913150655368e+04
-1.437737605641851223e+04
-6.716428171308778474e+03
-5.286075791983861563e+03
-2.964346111285909501e+04
-2.657713247306257472e+04
-2.254292520895579401e+03
-2.733430223322546226e+03
-1.869043497900888724e+02
-1.225362363013728100e+04
-2.489571147370962353e+04
-7.733787413667727378e+03
-7.864707687069868371e+03
-7.692677265484401687e+03
-5.073183964033858047e+02
-3.177771176897628538e+04
-7.959782589917758742e+03
-4.395783801512031459e+03
-5.554086988716075211e+03
-2.753590279876663772e+03
-3.211609059594736755e+04
-4.017939414269903864e+01
-6.378194894879632557e+03
-4.313172243066404917e+04
-6.776456302646579388e+02
-1.596625589161177777e+04
-2.393516583663681013e+04
-5.570537659099354642e+04
-7.559961294612971869e+03
-3.334314379154800008e+03
-9.521666934449327528e+03
-2.135789892258034342e+03
-1.607784650770610097e+04
-4.393401194747047157e+03
-7.644186590920979143e+03
-3.221048660587401628e+03
-1.435007662103350867e+02
-6.886602342422265792e+03
-2.648433701991379712e+04
-1.299339967540267753e+04
-3.159299438565351920e+03
-3.630364068052406947e+04
-3.610303949676317188e+03
-1.990154930666251175e+03
-5.914285796904014205e+03
-2.153500964722893332e+04
-3.435642784052999923e+04
-4.395406943935003028e+02
-1.339270732459588180e+04
-1.397850537365188211e+04
-7.499858125060480234e+03
-3.428971848519534251e+04
-3.230963053864839458e+04
-3.446886558529745344e+03
-3.311952498287551862e+04
-1.234321889973276484e+03
-1.964140509437121364e+04
-7.042008783039559603e+03
-3.265187480624928867e+04
-3.384433957733056013e+04
-1.179474144198222348e+04
-4.916091970879164364e+03
-5.773359240850878268e+04
-7.625225347221867196e+03
-1.052728280187138580e+03
-7.412229967894447327e+03
-7.042419823855236245e+03
-4.835052163730759275e+03
-1.155593832560503142e+04
-3.685281081799725598e+03
-4.436049008091149517e+03
-5.237801049517452157e+02
-1.926930846903788188e+04
-2.945754896406333864e+04
-3.405953705082705710e+03
-2.637609737613165271e+04
-5.321378511393901135e+03
-3.540128029988902654e+02
-7.382877333165717573e+03
-5.647583413160607051e+03
-1.477452434245232553e+03
-1.982218537587777973e+04
-1.398248191782281356e+04
-6.931002446007270009e+03
-2.133704830908936856e+04
-1.351280854893358992e+04
-3.430289463435325160e+03
-4.110161921157005054e+03
-8.974816763421777068e+03
-4.202448769564980466e+03
-1.183620981731711026e+03
-2.578871481623397631e+04
-8.306971326908478659e+01
-1.242965308446549670e+02
-1.675523377669982801e+04
-3.689896543936677335e+04
-2.702623492663969500e+03
-9.417350887626478197e+02
-1.964782451773471257e+04
-7.212612760293179235e+03
-2.993366079257866659e+03
-1.684288801977362164e+04
-1.746153436195969334e+04
-1.726936546717945384e+04
-7.123195851668818250e+03
-2.124185615829749077e+04
-4.356568656943915266e+04
-3.826041382938616152e+03
-1.728215046722364059e+04
-1.533339949550403435e+04
-3.943760791280107514e+04
-2.448400061101689062e+03
-7.230981272140904366e+03
-2.110051534189093582e+04
-1.272778228755593045e+04
-1.779580907839046995e+04
-2.871226133994959127e+03
-7.941990077502600798e+01
-7.390031104015444043e+02
-3.205263646160620556e+04
-4.257996626079639100e+04
-1.291731767246902928e+04
-4.599671743398396757e+03
-4.020781032163350756e+04
-2.394670340148714240e+04
-4.377017671328815595e+03
-2.722266348910037777e+03
-2.828748846444046649e+04
-1.152153720770316249e+04
-3.818058572077367717e+04
-4.060201421467103501e+04
-6.629074692406011309e+03
-7.494882207285733102e+02
-1.920472978031844605e+03
-8.092868178254913801e+03
-6.024849276561638362e+03
-7.417195269506901241e+03
-4.109836353616153247e+03
-3.335029052778935875e+04
-1.027503954886923202e+04
-3.056159980882227683e+04
-1.716263755705337462e+04
-7.857619775430373011e+03
-3.631985679831715970e+03
-1.348149013623562860e+04
-2.779140165162244557e+03
-2.003150584393125246e+04
-6.152182246868531365e+03
-8.203793734650796978e+03
-2.861694560008321787e+03
-3.676127772617143364e+03
-3.114330408519375487e+04
-2.239588862461791450e+03
-6.638107273311909012e+03
-3.143413420241347194e+04
-1.437899764115806465e+04
-5.495315907505567338e+03
-2.738783642813269580e+03
-1.974779022397078370e+04
-1.691566911926122702e+04
-3.389667606765063101e+04
-1.322494571932922190e+04
-1.220138050187088993e+04
-1.996493780168402054e+03
-2.455975881353409204e+04
-1.326329600696188754e+04
-2.751534156968182288e+03
-8.304006037506193024e+03
-8.449726689874076328e+03
-1.789535074910267213e+04
-1.338982276740954330e+04
-1.633612386928102205e+04
-6.104373741752320711e+03
-1.895155641991971061e+04
-5.372772016945339146e+02
-3.507263221610568507e+03
-8.120552537804798703e+03
-8.932433511814107987e+03
-5.849523594696391228e+03
-2.705926895439721557e+04
-1.214708193422237673e+04
-2.323614822072460811e+04
-1.713204189118026989e+03
-5.237299925576686292e+03
-2.840182649807541384e+04
-3.706765610344897595e+03
-9.359558075476315935e+03
-3.920596557433272665e+03
-3.849081246038655081e+03
-3.896686689653502981e+04
-3.068615353757057164e+04
-1.419025281029888720e+04
-4.456655766774165386e+03
-2.462759645467294831e+04
-6.995425064043093698e+03
-2.369921705630398719e+03
-4.546661764518213022e+04
-3.408303282300361025e+04
-9.189713960970559128e+03
-1.208579636813464958e+03
-1.079036593942868240e+04
-1.826671017508328077e+04
-2.324251865296910637e+03
-2.376968852777235952e+02
-1.828613615869763817e+04
-8.638881493070701254e+03
-3.526833079669918516e+04
-9.225048036358324680e+03
-2.877140701194802023e+04
-1.639004703971523122e+04
-4.604882116137012417e+03
-2.429557552863335513e+04
-9.236988083616715812e+03
-3.803420728180222795e+04
-3.269384572076337645e+04
-2.599134250337755657e+04
-1.647391088278280222e+04
-1.227906023038561398e+04
-1.773447682865637034e+04
-5.204421956052772657e+03
-9.514033522673484185e+03
-2.143783452454450889e+04
-5.742583401720317852e+03
-1.197323508107044745e+03
-5.841276919752428512e+03
-1.051751391691358185e+04
-2.412804713552668909e+04
-3.241915061739523480e+03
-6.026549583742234245e+04
-2.325819573074753134e+04
-1.187761634603187304e+04
-2.946971229100121855e+04
-1.697276935179017892e+04
-1.006445077537528618e+03
-2.138458103842951004e+03
-1.294482894315931844e+04
-1.213526353404253314e+04
-7.229843908590025421e+03
-7.215740673111437900e+03
-1.573383915819018057e+03
-1.631661626063158656e+04
-1.040169077992522398e+04
-8.431867611622988079e+01
-2.554846436963989254e+04
-3.021324211224061946e+04
-7.664835727159464113e+03
-1.652822981171881111e+03
-2.119378858788280922e+04
-4.968880531950236218e+03
-3.712752563528356859e+03
-7.988009755200258951e+03
-7.107787310456090381e+03
-1.610582851955547267e+04
-3.116760627891694185e+03
-8.676899106500806738e+03
-7.686515677662330745e+03
-5.442767097130280308e+04
-3.860313372779157817e+03
-2.513716296203339516e+04
-4.415900837453188615e+03
-2.117102922678410323e+04
-4.546733872188540772e+03
-1.087815055462093733e+04
-1.586804411092839473e+04
-1.294526305463729295e+04
-1.528757590696866464e+04
-3.834108772649557068e+03
-8.394752355195445489e+03
-2.162823872208772809e+04
-1.296772550170192881e+04
-2.021458440812493427e+04
-3.360310993537942068e+03
-3.540099623280578089e+04
-5.012064606225422904e+04
-4.326398333291518611e+03
-6.678785953473359768e+03
-3.342734265663349652e+04
-9.019449008599225635e+03
-1.395120199170975320e+04
-1.576030420964863197e+03
-1.795147218473901012e+04
-9.207953451085433699e+03
-1.150322158443998524e+04
-8.078445781402051580e+03
-1.331296128495742596e+04
-1.683824053370845650e+04
-1.140011915358680199e+04
-6.649416527181134370e+03
-5.376491306053030712e+03
-2.485049291165218165e+03
-1.601970688381043328e+04
-4.873969705394472840e+03
-1.038439537509451839e+04
-3.898979952198229148e+04
-7.898487160978786505e+02
-2.556721935902796758e+03
-1.990756510015911772e+04
-1.768089023568615403e+03
-9.324417642360729587e+03
-2.823504877334086996e+04
-7.312053854310517636e+03
-3.387767605896135501e+04
-1.594869429134434358e+04
-2.020325373513053364e+02
-4.263044914001111465e+03
-1.377048894376739736e+04
-7.566320273793081469e+03
-9.089203391073710009e+03
-6.844162797492940626e+03
-1.446921646004676859e+03
-2.275714612023134578e+03
-2.651964359248275650e+04
-7.421211658456677469e+03
-1.106907664147896139e+04
-2.196959459970168609e+04
-3.923961254063977685e+04
-7.119534936865088821e+04
-3.530898231075836520e+04
-7.573985862628724135e+03
-3.449202633424707892e+04
-1.072619546053256818e+04
-6.663528529718820209e+03
-7.177630402807572864e+03
-1.297083864475291557e+04
-5.588808195943100873e+04
-1.056144558481449167e+03
-7.662978315606961587e+03
-9.441524525395581804e+03
-3.095799319859925527e+04
-3.254927608403607155e+04
-7.859496910410693999e+03
-3.202118440735669992e+03
-5.729642055230162805e+04
-1.123722369805117160e+04
-2.614986807554641200e+04
-5.846021621984351441e+03
-4.395122776406883349e+04
-3.303026232252244881e+03
-1.355574849897458989e+04
-5.855858284185926095e+03
-2.298397082506975858e+04
-7.772271200898144161e+04
-7.333981267622365522e+03
-1.566524779397135353e+04
-8.987231024884238195e+01
-3.107357425650212099e+04
-3.297103809656126396e+04
-1.503979668205662165e+03
-3.625455316967144608e+04
-1.055741638072526621e+04
-1.045497217426514180e+04
-1.495134897425685722e+03
-1.384074605439251354e+04
-2.050660977201488640e+04
-1.179100958634379640e+04
-4.632184444427789458e+03
-9.752349777214061760e+03
-3.706790580589791261e+03
-1.123563293151408743e+03
-3.422903443915135085e+03
-2.773699480214743016e+04
-2.608965659259611584e+03
-3.513750999266019062e+04
-1.401651724143012689e+04
-1.846619217306958490e+03
-1.093142796731682574e+04
-3.077351411682505204e+04
-5.217950086134141202e+03
-4.435627799660941673e+04
-1.307448691995520494e+04
-2.333684950767772534e+04
-2.495101133600162575e+04
-3.600781717778445454e+03
-6.990674105628295365e+03
-1.632974142904177461e+04
-1.536442410103252041e+04
-7.288783740077813036e+02
-1.421303978139829269e+04
-2.912384125325545483e+02
-7.999950524466335992e+03
-1.255012177333549744e+03
-2.919740899985332362e+04
-4.293736723679511670e+03
-8.611803771676250108e+01
-2.277508396135655494e+04
-4.981097283571988555e+03
-5.308033500753351836e+04
-8.024075648510322026e+03
-6.320475812803615554e+03
-9.184265419987552832e+02
-3.847687097558992718e+03
-1.190722275097801230e+03
-1.046689630601894532e+04
-2.793048242712767387e+04
-7.865000987979544334e+03
-1.018401940211335204e+04
-2.106013136292393392e+04
-2.329158978511199894e+04
-4.248161477782009570e+03
-8.136802941609851132e+02
-1.111395446519441793e+04
-3.563103037026333914e+04
-6.797902052153266595e+03
-5.825049562058571610e+03
-1.853318491411380091e+04
-8.184791887220465014e+02
-6.428650458560298830e+03
-6.367209596693644562e+04
-9.651151310656076703e+02
-1.122366172024407751e+04
-1.008657229002445433e+03
-8.094604074414337447e+03
-4.360718350898698191e+03
-2.046894466766805635e+04
-1.627332114872819511e+04
-2.434442630398681285e+04
-1.796141776902454876e+04
-7.519342527002094357e+03
-1.694149812803138047e+04
-1.193924344902360463e+04
-2.138183240250258314e+04
-5.709934908436269325e+03
-7.055723104576978949e+04
-1.665562313930875007e+03
-2.760780974279097791e+03
-1.480931236912861459e+04
-1.672140624552925601e+03
-2.452224010331272439e+04
-1.281506588042408293e+04
-8.374898410045514538e+03
-1.906952946503752173e+04
-4.338354085227839096e+04
-6.665175446147395633e+03
-1.600788424755818778e+04
-5.784182091482281066e+03
-1.809555051672361878e+04
-1.065409773695260810e+03
-1.387306602548456249e+04
-6.658742116762747173e+03
-1.870719296446231601e+04
-7.736043541819393795e+03
-8.521632298133961740e+03
-3.316572448685008567e+04
-1.034123055997832853e+04
-7.181808882804898531e+03
-3.947495655449294645e+03
-2.042481962970969835e+04
-2.345604420310699788e+04
-9.055163711320928996e+03
-9.533241911851886471e+03
-1.007205128826057444e+04
-3.148585552570023538e+03
-1.596327351804679893e+02
-1.064010097742755534e+04
-8.811060250373959207e+03
-1.089885117798689862e+04
-3.844553760915645853e+03
-1.315634848444231829e+04
-1.559172562847555309e+04
-1.022176847009870289e+04
-3.958804689858304300e+03
-1.904741123670910019e+04
-1.124782801712377477e+04
-2.143581330633909965e+04
-1.996416108905197689e+03
-1.410590829911054607e+04
-7.605589175433885430e+03
-6.704431619873425916e+03
-5.031149546937181753e+02
-2.479964967436375082e+04
-8.276704130145255476e+03
-3.316911064110238658e+04
-4.022763165149554698e+04
-4.887164956331478606e+03
-1.289179088518286517e+04
-5.587701692553626344e+03
-1.272072884042549958e+03
-5.470074391872327624e+02
-4.425384272302269892e+03
-4.824254501875433562e+03
-3.446736326406336048e+03
-8.826234714249501849e+03
-2.838658501165019743e+02
-4.255135673134868739e+03
-1.687143181298075069e+04
-2.646105462460892159e+04
-3.801462515314519806e+03
-1.867546208470547299e+03
-2.002417139735197634e+04
-1.061875285740378968e+04
-1.044945467840176570e+04
-3.552801068204972580e+03
-6.782649352422931770e+02
-4.173100763843004643e+03
-1.356760115084864083e+04
-5.062703352765445743e+03
-1.779314251293850612e+04
-1.548622721357089176e+04
-3.240403735842009155e+03
-1.859995106899309758e+04
-2.532714795192926249e+04
-2.983543579347207924e+03
-8.832649106476448651e+03
-7.066647854697012008e+02
-1.884924632856073731e+04
-2.000319205729637906e+04
-3.290807153099431162e+04
-5.290358003913597349e+04
-5.103280222478494397e+04
-5.734769530938123353e+03
-1.498696442093817723e+03
-6.077991319481001483e+03
-2.309827914285778206e+03
-7.070160709620664420e+03
-1.907819498807660784e+04
-3.486458025908972922e+04
-5.517768330320401583e+04
-8.494920904188636996e+03
-1.171489860891805438e+04
-1.969909508001876020e+04
-3.863681057466703805e+03
-1.873956252118247903e+03
-2.023624436001150389e+04
-5.490250379168692234e+03
-9.695355775004192765e+03
-1.240722956430604063e+04
-1.993812805581956354e+03
-7.789178327683028328e+03
-2.830240780402976725e+03
-2.032142952018887081e+04
-1.249621107593893248e+04
-1.713527568740362040e+04
-2.219162032243638805e+03
-2.062223001728194049e+03
-2.805404623183922740e+04
-7.561990723299512865e+03
-1.661513656169156093e+04
-2.556706966234458741e+04
-2.130270601934548176e+04
-1.130091279637660045e+04
-5.167914397560226644e+04
-4.788596547867865638e+02
-2.837462989350833141e+03
-1.241988589268869873e+04
-1.116408377494577326e+04
-2.741586854124542151e+04
-3.093644783808622742e+04
-2.043233960452547763e+04
-2.511978156262331140e+03
-4.042448914028012223e+04
-3.198934924234233677e+03
-4.922826600056288953e+03
-2.960285213793242747e+03
-3.733912016880036617e+02
-5.567498973565413326e+04
-5.293135257256917976e+04
-1.793167258932204641e+04
-2.215165507842194711e+04
-1.992688151727291188e+04
-6.147404418763663671e+03
-1.768191235756994047e+03
-1.002299105851321110e+04
-1.578592226642047171e+04
-1.856660431494556633e+03
-1.201009013351089197e+04
-1.224040534946251137e+04
-8.930722179807282373e+03
-3.151516013100583950e+04
-9.297432790315240709e+03
-1.379817662841357333e+03
-7.797990614541519790e+03
-4.563911821221375430e+04
-2.446215700373559957e+04
-2.239949475092289867e+04
-7.944035620521640340e+03
-1.799100457911360718e+04
-8.006028512597151348e+03
-1.094317790735635754e+04
-1.671111761227298075e+03
-3.908496744788345950e+03
-6.684126654328087170e+03
-1.762742962106704726e+04
-1.821825210906677239e+04
-3.382303400288003104e+03
-8.907912473262367712e+03
-1.119240400661461354e+04
-1.519063783530961882e+04
-1.627274521857075797e+03
-7.616644465639737973e+03
-1.494219011098516830e+03
-2.476051507035736449e+03
-5.955578157309584640e+03
-6.889383829979935399e+03
-2.536238877711680834e+04
-2.425501108217098226e+04
-1.756061887309003578e+04
-5.395915242203876915e+03
-4.749939355412341683e+04
-1.110106735467405451e+04
-8.136302441375336457e+03
-1.012458761958969444e+04
-6.388516495398416737e+03
-6.996149720475104914e+03
-1.191192679785092514e+04
-6.210159604353374561e+03
-3.314009873339573096e+04
-1.218578687747181175e+04
-1.292960418020411453e+03
-1.623791967839122844e+04
-5.117946749718912542e+03
-3.875324914543326031e+03
-1.555963253842231643e+04
-6.181412657510283680e+03
-5.971767735534651365e+03
-7.265145564230398122e+03
-1.766793722964317931e+04
-2.943434731394960181e+04
-1.614778880307728650e+04
-1.222418220454043330e+04
-9.246202738721511196e+03
-1.038151575006593885e+04
-6.694030780816901824e+03
-1.423920006102713160e+04
-9.390896674198669643e+03
-7.520340200105343911e+02
-1.883380056749748837e+04
-3.158784174456332039e+04
-1.810430262765133648e+03
-2.361816785332643485e+04
-1.545854943037869089e+04
-2.538793848075109054e+03
-1.229906181947206642e+04
-1.280882220201127893e+04
-1.126520101727335168e+04
-1.656956721105646648e+04
-2.750713062834111042e+03
-1.361233677283825045e+02
-3.200696152315064319e+04
-4.679956505726136675e+04
-1.449500566894646181e+04
-2.108169780618083314e+04
-5.068843611088707985e+04
-1.711219269098294717e+03
-6.501769483051004499e+03
-7.085934342253038949e+02
-3.437589661565046299e+03
-2.222661089075407654e+04
-1.691562970830439735e+04
-1.097877813207355575e+04
-1.909250158670479868e+04
-4.979394024164209441e+03
-7.013915431512046780e+03
-2.446948295342288020e+02
-2.298153586546517181e+04
-1.318698173421858655e+03
-3.603782606517542263e+03
-6.011098584363417467e+04
-6.007627243861195893e+03
-1.955504276196994397e+04
-2.295658639635880172e+04
-2.056557025054635233e+02
-1.360390630739586595e+04
-1.024732699231380866e+04
-1.025737694043799820e+04
-2.439305119647237007e+04
-1.282006275446487052e+04
-1.028037883214353133e+04
-3.017107793090738414e+04
-1.670909327924496392e+04
-2.459518586888441132e+04
-1.351115249672079517e+04
-7.586597733893038821e+03
-1.920237171783521262e+04
-3.097133547782768801e+03
-2.797055803714813010e+03
-1.188941025078537132e+04
-1.213724441046679749e+04
-1.704732234859441087e+04
-5.743904704779935128e+04
-1.945240710534143773e+03
-3.784528729019154707e+04
-3.019304597791573906e+04
-2.628950047577892474e+04
-8.762032569434217294e+03
-5.467096352999105147e+04
-2.674962778961265576e+04
-1.140795565538479423e+04
-7.254773723526552203e+04
-3.941054285108941258e+04
-3.659905559663505846e+04
-3.494539450301104807e+03
-2.683177920414132313e+04
-2.104646250077660807e+04
-1.056809100666037921e+04
-2.049070347421318729e+04
-6.418268847373228709e+03
-5.127400237726710657e+02
-1.674176342502156695e+04
-6.579464416200558844e+03
-4.209047542099442217e+04
-2.682197796833523171e+04
-7.258847827667539605e+03
-2.882697978120000244e+03
-1.412006897456403749e+04
-1.939069467931555118e+04
-1.266858653284069806e+04
-4.567311180807606434e+03
-8.542876718875288134e+03
-4.797069538327076589e+04
-1.229583991551604413e+04
-2.267842139168094036e+03
-3.709760022974236927e+04
-7.233669781121036067e+03
-2.296489005673267002e+03
-2.489842772484351372e+04
-1.121886025934802092e+03
-3.189089289204102533e+04
-1.647132843273349499e+04
-1.753780954553490301e+04
-8.573795261617602591e+03
-3.985445840485222107e+03
-1.571781229622682076e+04
-7.549887860324586200e+02
-1.448262166070195963e+04
-3.319574031268756698e+03
-3.231941541678615522e+03
-1.131451178572664139e+04
-1.384483895297410527e+04
-5.428420825451288692e+03
-9.543360403148717523e+03
-1.429693927923141928e+04
-1.569998296681748343e+03
-6.053082919754111572e+03
-9.946171489661301166e+03
-2.103319219809328570e+04
-2.509137914462326808e+04
-1.545522289212097348e+04
-4.831784510129405680e+04
-2.965135473931872548e+04
-2.205773977805896720e+04
-2.344892116241923213e+04
-5.312094886751388549e+04
-4.561629209185909531e+03
-1.120059180451414795e+04
-1.153913258556258552e+04
-1.872316585225261588e+04
-8.564579206461670765e+03
-1.091525455309732934e+04
-2.199578176980763260e+02
-3.094148548007751742e+03
-1.781187618694915727e+03
-4.016251426394099781e+03
-1.575859632933590365e+04
-6.353312710499665627e+03
-1.071375128090116596e+04
-6.389695534115523515e+03
-4.030576856344273256e+04
-4.661029703283907111e+03
-2.162533049847316579e+04
-1.382588485024526108e+03
-1.549806732615691180e+04
-1.679337655203906979e+04
-2.554894768558270516e+04
-5.452819048769835717e+03
-3.228768188234743866e+04
-3.954043886576270779e+03
-2.086438855078962297e+04
-1.863808850367443665e+04
-2.701832190503408492e+04
-6.252751770200757164e+03
-1.468204664164806127e+04
-1.558664903729587968e+04
-1.536105636093022622e+04
-4.487581807464618578e+03
-1.664356720896548723e+03
-8.527704191734436608e+04
-5.704537399575327072e+03
-7.250906196640795542e+02
-3.567909971226373727e+03
-4.985139643462162348e+04
-2.822474083370814697e+03
-2.546253327777651521e+03
-1.427954848262331689e+04
-3.445742648876413114e+03
-2.030224795781307330e+04
-6.422754434591450263e+03
-2.880289190856908590e+02
-5.151227517517191154e+04
-2.347690203459202530e+04
-4.712492788839226705e+04
-1.234952082485737265e+04
-6.598667345410587586e+03
-4.255882568250921031e+04
-1.563252863923954646e+04
-8.670968597588162083e+03
-4.760777021103514016e+03
-1.083417512343400449e+04
-1.217181844304095648e+02
-2.434200049124150974e+04
-4.267518863869374400e+03
-2.254080593877090359e+04
-7.790534735385110253e+03
-4.562442768916816931e+03
-3.138882767610552946e+03
-1.798334675566184887e+04
-5.744584214525034440e+02
-4.621689314526482121e+03
-1.465003724193698690e+04
-5.190236834642744361e+04
-7.334765933832809424e+03
-5.825276425050632497e+03
-4.167681480836334231e+03
-2.225554027451456204e+04
-9.146854579814027238e+04
-2.016262790036135630e+04
-1.460443630402922099e+04
-6.129553819292602384e+03
-3.204497734911946281e+03
-1.990934372266834180e+04
-7.267111812525758978e+02
-6.715648840363049203e+03
-9.772425348387816484e+03
-3.179456820759816037e+04
-7.264280032734206543e+03
-1.026158740747105003e+04
-1.252485894745774431e+02
-1.742395588273620160e+04
-9.936659906779659650e+03
-7.981719892440769399e+03
-1.722777837246025911e+03
-1.714159610788728969e+04
-1.484222315399765193e+03
-1.265289207704798355e+04
-1.712678551461742245e+04
-1.885282439061196419e+04
-3.431625054244307103e+04
-2.304112176449407343e+03
-1.269391956345958170e+04
-3.130914477534240177e+03
-1.420907030883945117e+04
-5.221011462294492958e+03
-7.102172600599667021e+03
-1.298494540722202873e+04
-9.444165574062093583e+03
-7.480235022964194286e+03
-1.652180520476903894e+03
-4.124497892898557438e+01
-1.292908735770699786e+04
-1.479159716123558246e+04
-7.925906829469617151e+03
-1.273273578625709160e+04
-1.695572322504438853e+04
-1.212871376224262576e+02
-1.021339286855642422e+04
-4.550408178200414682e+02
-5.846704811054667516e+03
-3.413752892338984384e+04
-1.045602509798212850e+04
-1.430247606919256941e+04
-8.347718046069558113e+03
-1.664425263678146803e+04
-3.916041149640047934e+03
-3.218671912052800053e+03
-3.506741423803246107e+03
-4.000316889868988073e+04
-2.461094157342769904e+04
-1.613000309253033265e+04
-1.255508748744183868e+04
-2.125199777516184622e+04
-3.392772775849546451e+04
-1.031455373093451453e+04
-1.616592950342204858e+04
-7.831147600541407883e+03
-4.094132968265721502e+03
-2.357510563803125478e+03
-6.565564381327763840e+03
-9.142493441408310900e+03
-1.925016833636456340e+03
-2.025049389608421552e+04
-1.550960458170511447e+04
-1.652645219558257668e+04
-1.508217642996404720e+03
-1.579400721132405124e+03
-1.012674528799018481e+04
-1.016524168705116790e+04
-2.282320716460808035e+04
-2.982528564398114395e+04
-3.180919892101224468e+04
-2.500944564226132934e+04
-3.391339443246478368e+03
-7.826466354767672783e+03
-1.495342018402245594e+04
-5.335274505510970630e+04
-2.771325771654839627e+04
-1.355861550212036673e+04
-2.182656782999723873e+04
-2.483386115595376759e+04
-9.528930754809041900e+03
-8.937442701098952966e+03
-1.229092278168042321e+04
-4.877984438436320488e+04
-3.199503595832820065e+04
-3.040916985085606575e+04
-6.475929307283392518e+03
-8.918898893424873222e+02
-9.906271602236205354e+02
-2.798088552795362921e+04
-1.534244044949198906e+04
-1.170004708088669031e+04
-5.754231662375797896e+04
-1.009400537639548202e+04
-3.746636129890834127e+04
-2.069142099743911604e+04
-3.786361974606756849e+04
-4.440867912437001905e+03
-4.336999676712323708e+04
-1.484589552887721311e+03
-6.429925451443971724e+03
-2.734757844548735011e+04
-2.120183636988928265e+04
-5.516104277585818636e+03
-2.170354965436018574e+03
-6.538237407711412743e+03
-1.688601621378173149e+04
-6.921570731649469235e+04
-1.101808149258817139e+03
-7.965842217233700467e+03
-2.014268283379624336e+04
-1.072625246394733040e+04
-2.169820946690544588e+04
-8.503910019564200411e+03
-3.464892806245571137e+03
-1.509642879268288561e+04
-1.365972169556098925e+04
-1.084872089832182428e+04
-1.361147493490720262e+04
-1.029686878162610810e+04
-6.947377030180118709e+03
-1.086364070069138506e+04
-1.622523814578721613e+02
-3.121459139943804257e+04
-8.209324424052099857e+03
-4.831096545350669658e+03
-2.008337890890303242e+04
-9.250843234251959075e+03
-4.345932507924280799e+04
-3.474333554241594356e+03
-1.544425104135495894e+04
-1.207687487786688507e+04
-8.259023102666000113e+02
-1.777252641261397730e+04
-1.987003531729606402e+04
-3.233040215857194198e+04
-2.054477722189878477e+03
-1.341266665069427290e+03
-1.497089956034660463e+04
-1.322935087410797314e+04
-1.994617370915684660e+03
-4.385358576605640337e+03
-1.305541243062461035e+03
-4.172675949018378560e+03
-2.404296615353569723e+04
-1.993259231550440518e+03
-1.076745633150769572e+04
-4.540159762933934871e+03
-3.553703969729808887e+04
-1.489859904466945045e+04
-2.070090368921618938e+04
-6.963050518328323960e+03
-2.743690615402009598e+02
-1.073918515114697220e+04
-7.748728997877391521e+03
-2.496634654115000012e+04
-3.565061304974155064e+03
-5.309940285728059098e+04
-2.891028490209369465e+03
-4.861552334539870208e+04
-5.833107815635576117e+03
-1.522574995506091545e+04
-1.837059024819139722e+03
-3.031693248304001099e+04
-5.308966276564963664e+03
-2.789427361957145422e+03
-2.186414728198426019e+04
-2.539342904467364133e+04
-1.191687127488549095e+03
-3.668239058584888699e+04
-4.334017391458929524e+03
-1.801427578704892949e+04
-6.545041020140982255e+03
-4.647764307380269747e+04
-2.182122376882113531e+04
-3.007289005600220844e+04
-9.236099022100623188e+03
-1.054460453929471441e+04
-3.254069568647029155e+04
-1.929540665597460975e+04
-2.663422131808109725e+02
-1.475876579327462605e+04
-4.293409111158923042e+04
-1.285058797260251231e+04
-8.716681983798298461e+03
-7.560115080184061753e+01
-1.468387309054330763e+04
-3.569899986601532146e+04
-2.548543908907862351e+04
-1.623825996702423799e+04
-1.566305874022133685e+04
-8.010150150340521577e+03
-1.251200044899876048e+04
-2.849416421543243996e+04
-2.935797722572356361e+04
-4.068980663277394342e+03
-3.463542363138048677e+04
-2.468072620955356979e+04
-4.410405146834892548e+03
-2.764659323387413679e+04
-2.741454789159631218e+03
-3.225327915445410690e+04
-2.612958119213220925e+04
-2.908501088859123684e+03
-6.169335289554852352e+04
-1.376810635041704700e+03
-1.615049873119971016e+04
-2.891062769903222943e+04
-2.525512077329011845e+03
-7.562505013499596316e+03
-3.371032718295538507e+04
-3.161901432682248924e+04
-2.057862730992629167e+03
-9.566102191852739907e+02
-1.180464635427451685e+04
-1.051022189511791294e+04
-2.039680613330927736e+04
-7.551557971605350758e+03
-1.044134202950378949e+03
-2.301544995151290277e+04
-5.851689014360299552e+03
-1.944851690439410231e+04
-7.282282270100538153e+04
-2.160735367147621218e+04
-4.199624879223969401e+03
-7.101251145534746684e+03
-5.779435710850931173e+03
-1.466814981628722126e+04
-2.973488333754993619e+03
-3.400240165077652637e+04
-4.479584585031680035e+04
-1.382751552102751930e+03
-6.106705824233553358e+03
-1.350030325521192754e+04
-1.183993711515176255e+04
-4.396497033023428230e+03
-5.153026339442021708e+03
-1.145808812684974873e+04
-1.040213821433144585e+04
-2.092066363053504574e+03
-1.300714672924161096e+04
-1.801716467281494261e+04
-9.216552320428347230e+03
-3.300677665157362208e+04
-1.150596103828371497e+02
-4.214296653697009606e+04
-7.718005861229289621e+03
-3.288732732589550869e+04
-1.165434573473783166e+04
-8.385734950560483412e+03
-1.321689467889365233e+03
-4.372277163194106834e+03
-2.512385824288681761e+04
-7.725602927862053548e+03
-1.753357439134134438e+03
-2.082649639186888089e+04
-1.010457860930128663e+04
-3.504168289514647040e+04
-4.748708671496987336e+03
-1.390569741183727274e+04
-4.955590365266237313e+03
-2.425336146220283990e+04
-6.441402675270192049e+03
-4.063641438296493288e+04
-3.352779124054192653e+04
-1.162023521127081221e+04
-8.406707622497411649e+03
-1.188645335280068684e+04
-5.776888559423578954e+03
-6.372572561613831931e+04
-2.070371801925276668e+04
-1.854240116875730018e+04
-6.525009998879027080e+02
-7.799561772126175129e+03
-1.642496845179384400e+04
-3.116281810025130653e+03
-2.047733094047089253e+04
-5.687009405511391378e+04
-6.286178381148036715e+04
-5.686908045924913313e+04
-5.992729476515338320e+03
-1.792327040037900588e+04
-2.658935787620353585e+04
-1.520672121257659091e+04
-2.723013252413641021e+04
-1.000087772029821645e+04
-2.840574233276505402e+04
-1.778576971464186863e+04
-1.126486494808706084e+04
-1.472991653868557478e+04
-2.901129884112787113e+04
-5.988089143911999599e+03
-8.179558531081464935e+03
-6.164732753466454596e+03
-2.650104871759508023e+04
-1.532120065878390960e+04
-5.875347218585349765e+03
-1.408693735847947937e+04
-4.956499887011612373e+03
-6.612064449492698259e+03
-4.246954926902862098e+03
-2.026205872797142547e+03
-2.967068094872453003e+04
-7.496417875176278358e+03
-7.425287542773105088e+03
-5.000581228116019702e+03
-4.773057828952718410e+04
-3.321018581262627322e+03
-6.291091164299072989e+04
-3.474147667682363135e+03
-3.195189441207819254e+04
-1.138947595776226763e+03
-2.002026279720310413e+03
-2.849358569059884303e+03
-6.961532060980445749e+03
-1.675554967213578129e+04
-2.697856118397367027e+04
-3.364293448031190928e+04
-3.775880853618343099e+04
-1.405185934494693902e+04
-9.823293710556137739e+03
-1.298133796709733178e+04
-8.547164553493798849e+02
-1.509461948136381397e+04
-8.069909889674828446e+04
-1.669078881190433458e+04
-6.089585443176551962e+03
-1.427288167698841607e+04
-9.844509506831909675e+03
-2.262965512580438826e+03
-1.964693686335698658e+03
-1.502639297629739303e+02
-3.449459425184206339e+04
-2.815528027786799157e+03
-2.755744986511691422e+03
-5.722673557337818693e+02
-2.945936175406333496e+04
-1.752165387955253027e+04
-3.282990723377755057e+04
-3.504202466178218310e+04
-3.117030453161202240e+04
-5.622716350219687229e+03
-4.369663876577961673e+03
-5.563000776487823487e+02
-5.544923056949232887e+03
-6.815558515767901554e+03
-6.960930141274500784e+03
-1.333272868009418744e+04
-1.159740297817003557e+04
-3.164437228964306996e+02
-1.072870362896386268e+03
-8.851195719089402701e+03
-2.024300624742833861e+03
-2.155865727196909211e+04
-1.038607557473440647e+04
-2.438415269041384454e+04
-3.134282584102311739e+04
-9.251449970141666199e+03
-1.229220724706045985e+04
-3.149788780424617926e+03
-4.450063394916472134e+03
-3.111465603695066966e+04
-1.790595829435663109e+04
-5.143877699742200775e+02
-6.119010040150977829e+02
-1.460643447474625827e+04
-8.217482540622731904e+04
-1.385181263214483442e+04
-2.168231732096305495e+04
-1.892089762431919007e+04
-1.753743736118721790e+04
-3.289434714694479044e+04
-4.810789552614093736e+03
-1.410298143149112911e+04
-1.993987067989960269e+04
-1.261506749969984958e+04
-1.013223380495626225e+04
-1.144951369436817004e+04
-2.834278221912838490e+04
-3.013211543091118438e+04
-9.351370942179197300e+03
-2.975999125743684272e+04
-6.277598866869028825e+03
-1.114731749766423854e+04
-3.480688112692496361e+04
-2.209286677773472547e+04
-5.935534767560616274e+02
-1.898197450994958854e+04
-2.708268959350496516e+03
-2.887693350234827903e+03
-7.094819370864810480e+03
-5.852668364836365072e+03
-2.205422972260222377e+04
-1.622338496210824451e+04
-4.083331938446981894e+03
-3.802739593258109835e+03
-3.477855187927538282e+03
-2.355819457300160866e+04
-1.161776797387054467e+04
-2.284465850477197091e+04
-3.087329244046131134e+04
-1.507733203588506967e+03
-6.823440376815401578e+03
-1.327101293558809994e+04
-1.981080193432935266e+04
-1.419846368171417635e+04
-1.470979994708094091e+04
-8.478910443513930659e+03
-3.741167879059208303e+02
-9.451120432678659199e+03
-2.234759855419684027e+04
-6.613612745278825059e+03
-1.784284906561891148e+03
-5.717824305377065320e+04
-8.387978406144471592e+03
-2.064614680207611173e+02
-4.649821286837371190e+03
-1.747931472483729749e+03
-1.803565301209652534e+04
-1.508098631288330216e+04
-1.393978684270703343e+04
-1.724084189130652703e+03
-4.442488813147590918e+03
-1.696888395869636588e+04
-8.196890782723496159e+03
-7.870998085582261410e+03
-3.061702641162161308e+04
-2.017502906975241331e+03
-1.188456666776527709e+04
-6.321930062555508630e+04
-1.004919731913068426e+04
-8.881256064168537705e+03
-2.234207035492097566e+04
-7.628292557230041893e+03
-2.983290547879430505e+02
-1.707629529221516714e+04
-1.870327595220891817e+04
-2.254571694345554988e+03
-2.331168055979323617e+04
-1.742385699315862439e+04
-6.714610566555636979e+03
-1.605353505903604128e+04
-8.275950609784649714e+03
-1.143781120413167810e+04
-1.687637639897413464e+04
-2.342743066508277479e+03
-2.077345106612824020e+04
-1.468177967636812173e+04
-1.144309082578991001e+04
-6.857830992357618925e+03
-2.179939390479655412e+04
-3.066729742891297428e+04
-1.257509444262769284e+04
-3.042880226491183294e+03
-6.545065086085164694e+03
-1.881909331681296408e+03
-1.242782701618368083e+04
-2.882739801095032817e+04
-1.165252541428938093e+04
-1.109416813316638945e+04
-1.254329755054635280e+04
-1.656464037485739482e+03
-1.644151950031663000e+04
-2.496880929884267243e+04
-6.677079492599854711e+04
-2.652050531977701212e+03
-1.167796476827028528e+04
-3.503377207332837861e+04
-2.742606450924853925e+04
-3.219871287168636991e+04
-1.109257029953134406e+04
-5.133864145346540317e+04
-3.256446269807377757e+04
-1.146876253627022379e+04
-9.262625775037722633e+03
-6.166205301812755351e+03
-2.406626556407966564e+04
-4.599668705991225579e+03
-8.267518860248541387e+03
-1.723471672223143469e+04
-1.708649135529745399e+04
-4.728217179862986086e+03
-1.504786395396207081e+04
-5.664057640562492452e+03
-1.707962200649144143e+04
-1.448834336468411129e+04
-2.127522868701028710e+04
-6.041735866960007115e+03
-4.801614471457629406e+04
-4.580990810734358092e+03
-2.368707447425136706e+04
-3.512395404633911312e+03
-7.938495414799106129e+02
-6.685121512142638494e+03
-1.274880616358215320e+03
-1.731057275223707165e+03
-8.344756234983026388e+02
-1.914621437644954858e+04
-1.433384194058196044e+04
-3.004433247892319287e+03
-9.178895463518609176e+03
-1.333548178885457855e+04
-3.242066424468567334e+02
-7.835898474053786231e+03
-3.265823366932381032e+04
-5.070683923105477334e+03
-1.175763679929421960e+04
-1.469416802868409377e+03
-5.974921606360609076e+03
-2.083402697267321491e+04
-3.761127967282229292e+03
-3.658623864762105768e+03
-4.134464723718199821e+03
-2.976500104083736369e+04
-1.957128298153100695e+04
-2.911851173734902113e+04
-4.078159260058333166e+04
-5.957554859093670530e+04
-4.887880328709969945e+03
-2.595588606198882917e+04
-2.379439619838024100e+03
-2.733119344358788294e+04
-6.560675790099191545e+03
-1.558768998644201929e+04
-3.465453116017407069e+02
-1.977014882534074059e+04
-3.925859641634983564e+04
-2.203238851003016680e+04
-1.881173924221307607e+04
-1.309143518218429563e+04
-4.930422463740755120e+03
-6.187699234192488802e+03
-1.869693465216922050e+04
-8.416935140426194266e+03
-3.359859832816917333e+03
-7.682369390309777373e+03
-3.151538499433581092e+04
-3.500701310213111719e+04
-4.650348753709978337e+04
-1.500897229234939550e+04
-1.122370223698343352e+03
-6.839689415166610161e+03
-1.603418484955525128e+04
-7.513323717480432606e+03
-1.045267839678723976e+04
-3.275851983359103087e+03
-2.293352016075122810e+04
-9.016655975614094132e+03
-1.258260548537562136e+04
-9.194697487733981689e+03
-2.419366737669452414e+04
-3.811655017148447951e+04
-9.530672674744211690e+03
-4.780426355914933083e+03
-4.150118390860126055e+03
-1.734119681949728692e+04
-2.412856277162578408e+04
-1.197514713590856809e+04
-1.717226569062033013e+04
-8.304328977048147863e+03
-4.940561146012929385e+03
-8.566287842190814672e+02
-7.305501218903018525e+03
-1.614459307685740896e+04
-2.723794374103507607e+02
-2.410265790278559507e+04
-2.177669102520920205e+03
-1.039075693511038480e+04
-1.343521999434063764e+04
-2.963814821392257363e+04
-1.879086855278064832e+03
-2.219764288615843179e+04
-7.835089661016275386e+03
-5.600941058295057701e+03
-1.243496028899667726e+04
-2.720393651488295291e+04
-3.703175083840900334e+04
-2.510713219834946722e+04
-1.819538126153246048e+04
-6.476497520522251762e+03
-2.949365688758265151e+03
-3.646370395133548300e+04
-2.189584918661502525e+04
-3.320664572238984692e+04
-3.805232012962349472e+03
-1.402997249089533216e+04
-5.133510353483172366e+03
-3.763400678502338451e+03
-1.185343763714136185e+04
-6.784896551950034791e+02
-7.823318858087840454e+03
-2.054984812204838818e+04
-1.996246959676171173e+04
-2.348045619405448087e+04
-2.168934227933005968e+04
-7.036430818868538154e+03
-6.428963035856049828e+02
-7.380647748947054424e+03
-1.166260469435932646e+04
-1.032451033845361053e+04
-3.412607953839657966e+03
-3.216244599189586006e+04
-2.697153841250474943e+04
-2.299906391094330320e+04
-1.685659109524194719e+04
-3.517365350735980610e+04
-4.526979527418192447e+03
-2.327719077839494639e+04
-7.692095088043471151e+03
-4.454449894609983858e+03
-3.274657718460221986e+03
-2.691284987714339513e+04
-2.461241869965922524e+04
-9.490225258348342550e+02
-2.314495584263906858e+04
-2.753168527890155019e+03
-7.097305554733575264e+03
-2.887226581196263578e+04
-6.841850834972115081e+03
-4.393505179394979677e+03
-5.528911608847826574e+04
-3.612737244807922252e+03
-1.684795150763825222e+04
-1.299271466698088625e+04
-7.519736957260020972e+03
-1.208149705072626602e+04
-1.302051011645597828e+04
-1.218632382386021709e+04
-4.840600103581039093e+02
-1.228574719139533590e+04
-3.401349316458101839e+03
-1.429865876990995275e+04
-4.097028492557436402e+04
-1.503396019304594347e+03
-1.977067882978642228e+04
-4.693880816833208883e+03
-2.907218102231562443e+04
-1.287543140024207787e+04
-1.834523510058932879e+04
-1.706809652255669789e+04
-2.937845529900840120e+04
-3.312241356014811572e+03
-5.243980719318315096e+04
-1.195561565228471591e+04
-1.297552414037507788e+03
-1.435811175380355780e+04
-2.357739796502390891e+04
-2.006738133146941618e+04
-2.159491994735989647e+04
-1.235972728119101157e+04
-3.399126201993255563e+03
-8.076982053201301824e+03
-1.091862612959107173e+04
-2.492377483173623841e+04
-2.227864023166800507e+03
-3.422473629284375784e+04
-7.539727265293574419e+03
-1.233748633668015827e+04
-1.963065285371385835e+04
-3.083931825790756920e+04
-1.705273724329199467e+03
-6.814830661299636631e+03
-1.629216574726198451e+04
-4.406853285886252706e+03
-2.297110187277560908e+04
-8.042362873932046568e+03
-6.648907653183988486e+02
-3.458250425437155400e+02
-8.694209962872671895e+03
-1.634327111993086510e+04
-1.413625155866193745e+04
-3.215151150895213868e+04
-3.572581601467726614e+03
-9.058918230454710283e+03
-1.658715768803294623e+03
-1.261525725271795454e+04
-7.523585667433495109e+04
-9.939592741380334701e+03
-1.356398649605035871e+03
-1.773661665393511066e+04
-1.965514501684614879e+04
-3.299801737907266943e+04
-4.180181106552461642e+03
-1.731376832926508723e+04
-5.947880563676021120e+04
-2.026164741945431524e+04
-6.638972126126741387e+02
-2.010032476659074018e+04
-8.650773677030891122e+03
-1.198040254590878249e+03
-1.693926407948680571e+04
-4.512237305948219728e+04
-3.524562590902057855e+04
-2.191678111413320585e+04
-5.684016910128209020e+03
-3.040239891337441441e+04
-1.275865073699165123e+03
-8.624522390545862436e+03
-1.043527621921984246e+04
-1.588878332937068262e+04
-1.886647569803554143e+04
-3.937734363093895809e+04
-6.580524999342622323e+03
-1.244062973182217320e+03
-6.940415123763030351e+03
-1.061749049835303413e+04
-3.155439813200348453e+02
-1.256941923708352624e+04
-8.863539197489786602e+03
-1.558314077447181080e+04
-1.179599679733706034e+04
-2.631781683495159996e+03
-3.137952052840332271e+03
-2.446655126661521717e+04
-2.182696140821703375e+04
-1.683948722423060190e+03
-1.586651576228558724e+02
-3.070175523401426290e+03
-1.600525160976133157e+04
-7.737113246225764669e+03
-3.620444616176500858e+02
-1.364080786475184868e+04
-5.640652516053980798e+04
-2.754733711871967898e+04
-6.104707452544393163e+03
-3.670694204667393024e+02
-9.623914253535802345e+03
-5.512761578130175621e+04
-2.169582660171757016e+04
-3.397089092161877488e+04
-7.392307003515627457e+02
-4.992361759162855742e+04
-3.036360837403685764e+03
-8.103692909142265307e+03
-4.604249005564256368e+04
-4.786422504981636848e+03
-2.388322834062856418e+04
-1.526084446901146521e+02
-5.337418991145884502e+04
-1.299910928799537032e+04
-6.677625981108786846e+02
-2.276581868539741117e+04
-1.018269742690056410e+04
-1.836756659958297314e+04
-3.660419795012143004e+04
-2.479346491391058225e+04
-9.360794147855449410e+03
-1.011062164136168121e+03
-1.052638966921972042e+03
-1.730342755923223376e+04
-5.378850047951467786e+03
-8.288085797843557884e+03
-1.481481115119444985e+04
-4.779961513350678615e+03
-1.231666317468275338e+03
-1.306619328753774971e+04
-1.288897814546039081e+04
-3.251663604658855547e+04
-6.132375288934792934e+01
-2.506007769314030156e+04
-1.433553021140801502e+04
-1.338946204852936717e+04
-1.614376710301211097e+04
-2.185897663727414692e+04
-1.409219063301959977e+03
-3.036352125763155709e+04
-1.653659635980165331e+04
-1.120426460124085907e+03
-2.938194760819961448e+04
-1.874748410337687164e+04
-3.714255809992116701e+04
-4.623936938266270590e+04
-1.550448500680736288e+04
-1.196727772760836160e+04
-3.263620539650655701e+04
-6.329873044604683855e+03
-1.665226691371280322e+04
-1.021299293877434866e+04
-6.548518405044972042e+02
-5.091110819418187020e+03
-8.170535949802598225e+03
-2.442934960523106565e+04
-1.292619751716383325e+04
-4.470599511627240645e+03
-2.694213905874844204e+04
-1.330120337771285813e+04
-1.411814190220201999e+04
-4.112106270981903072e+04
-4.655985042179107040e+03
-1.652693562073334760e+04
-3.267596317426915266e+04
-2.319441356329552946e+03
-2.467588289782407173e+03
-3.001636110247549004e+04
-1.343245282072873124e+04
-8.967578088306700010e+03
-4.887804532641395781e+04
-2.459754358793222127e+04
-1.386933427606255282e+04
-2.893152531480492325e+04
-1.760066079539892598e+04
-7.404364425384428614e+03
-1.315334632085142948e+04
-6.354094886827489972e+03
-2.511423547229253018e+04
-1.220738823976597087e+04
-9.645841991379915271e+03
-2.089330321711091165e+04
-8.012711637199987308e+03
-1.440350567208444545e+03
-2.860997344807129775e+04
-2.251530053459999181e+04
-2.814386593236231874e+03
-2.278645718694222160e+04
-7.764608063101543848e+03
-1.189716879030168820e+04
-3.015761436320222401e+03
-3.283386528810423442e+03
-2.721109449568088894e+04
-2.629042416612673696e+04
-3.650186934738847776e+04
-8.113465405074683986e+03
-6.415009874892131847e+03
-1.696035828824424971e+04
-9.268972361096401755e+02
-3.987733212819959590e+04
-2.075954591739404123e+02
-9.002420694773407376e+03
-3.032875912039044124e+04
-2.279701917733162554e+04
-1.726466289896286617e+04
-1.470020959203497114e+04
-1.983275656756625176e+04
-3.397560619434238470e+04
-1.510488536905435831e+04
-1.723860330760506622e+04
-3.476882008557155496e+04
-3.944738052287049504e+04
-1.525355324220606417e+04
-1.644683861544057800e+04
-3.296574350657861214e+04
-4.312388909216080356e+04
-4.113777180330397823e+04
-3.241412747987574676e+03
-1.910585387837573944e+04
-6.559929796652671030e+03
-5.530059319917194443e+03
-3.383979926868870825e+04
-8.307739784469758888e+03
-9.196738695618911152e+03
-9.821348550418566447e+03
-3.422051589631561365e+04
-1.957293778640024902e+04
-1.752682159959776527e+03
-1.488570378217478356e+04
-1.144968546227825573e+04
-1.604285502510005063e+04
-1.077609100274631055e+04
-1.693422094550785187e+04
-2.846311658947294927e+04
-3.734885757291998289e+03
-3.122824593817999812e+03
-1.541840102259345986e+04
-2.210094338850686472e+04
-3.963612817005195211e+03
-1.199154407251742305e+04
-2.062844800549437423e+04
-3.740617787382552342e+04
-1.428774236509392540e+04
-8.678801499148174116e+03
-7.967034891030479048e+04
-1.070526960108028106e+04
-9.110291422885242127e+02
-5.015644184794997273e+03
-8.238174460920837419e+02
-1.100067293182157755e+03
-1.268410878747545394e+04
-3.564639142985397484e+04
-1.100300319640121779e+04
-1.041823289519384525e+04
-8.769814365824868219e+03
-2.035407429374426647e+04
-9.874914161879667517e+03
-2.310120136400589399e+04
-1.691361899065009493e+04
-2.768920216923364569e+04
-4.761872442490204776e+03
-1.655132492065645783e+04
-1.721224801585713067e+03
-2.093953200599625779e+04
-5.306756809031156990e+03
-5.040990471587989305e+03
-3.439511408522061174e+03
-2.889890510629139499e+03
-1.127970584934612816e+04
-1.988240052777774736e+02
-2.889982296549912644e+04
-9.202732269666972570e+03
-3.013481032954848160e+03
-5.436220439567958238e+04
-4.883801302685138944e+04
-2.856794294237922804e+04
-2.159508374854586873e+04
-3.838655682848057495e+03
-6.379569311834936343e+03
-1.108228937443417635e+04
-1.220136661326879221e+04
-8.859063021825810438e+02
-2.361184237171892164e+04
-8.466633103528870379e+02
-4.501689147891936955e+03
-2.394497649488231764e+04
